20.7 16.82 18.94 16.05 20.42 15.88 34.48 13.89 12.36 20.55 15.75 11.94 20.17 17.3 19.43 15.13 12.36 38.63 27.53 29.43 26.15 20.53 13.98 22.66 
18.68 17.79 18.92 18.03 12.36 12.36 12.36 23.16 27.45 20.91 29.16 23.54 19.14 18.72 15.83 19.97 15.49 20.42 18.4 12.36 27.2 25.16 20.62 18.13 
20.68 9.48 15.81 17.95 21.44 17.14 12.37 12.37 22.44 17.9 12.36 12.36 18.07 13.78 16.19 15.33 12.37 16.15 23.39 17.05 27.47 24.92 20.23 20.56 
17.7 16.82 18.94 16.07 26.44 17.9 26.14 17.25 12.36 21.57 19.14 20.41 20.19 18.31 15.42 16.55 14.7 12.36 22.05 23.15 13.45 17.14 14.73 19.1 
20.7 18.41 19.83 15.95 18.42 20.78 21.14 20.15 12.36 18.39 11.3 21.18 17.06 19.18 16.89 20.29 43.44 28.54 12.36 23.17 15.75 20.39 17.4 14.48 
17.69 15.81 19.93 17.06 35.48 14.03 18.69 17.15 20.45 11.25 21.14 26.65 18.17 13.88 15.28 18.39 29.42 19.79 12.36 16.02 13.72 24.4 14.89 21.03 
19.69 17.4 15.81 17.93 26.68 45.61 30.52 12.36 27.48 17.88 20.17 11.52 19.06 18.17 17.29 15.4 48.19 43.65 32.42 14.46 25.16 18.17 18.15 14.56 
20.68 16.8 16.92 14.63 23.43 21.56 26.51 18.5 12.36 21.14 16.52 27.66 19.05 19.16 18.27 15.41 12.36 16.41 18.4 12.36 22.17 18.12 18.39 18.44 
19.71 11.44 19.86 13.56 12.36 25.56 19.01 18.46 12.36 12.36 17.49 18.41 19.99 16.11 15.25 17.36 12.37 16.14 23.14 23.26 13.96 20.64 17.4 12.36 
17.71 18.83 17.07 18.2 19.43 17.55 20.15 19.15 18.44 13.9 22.41 13.75 19.33 16.46 16.58 18.72 17.42 12.36 25.04 18.5 17.13 17.4 19.39 13.87 
20.7 14.42 19.85 15.57 19.43 13.84 17.14 14.74 24.46 26.77 12.18 18.06 18 17.11 16.23 20.37 25.08 17.59 28.41 19.5 27.18 13.77 21.14 21.03 
18.7 16.82 9.34 16.94 39.49 20.75 24.64 12.36 25.46 21.58 23.14 15.75 14.65 17.08 12.79 18.21 17.03 18.39 12.36 21.5 21.4 18.43 18.39 15.85 
17.71 19.85 16.97 19.08 16.44 17.03 20.79 16.25 21.43 18.89 26.79 12.5 19.21 16.33 16.45 14.16 18.13 12.36 12.36 16.23 21.42 20.41 18.39 12.36 
20.68 16.39 16.82 9.34 19.67 12.36 24.15 17.2 17.45 12.36 21.73 17.4 18.96 20.1 17.22 12.93 19.4 21.4 18.86 22.15 12.36 20.54 19.4 12.36 
20.7 14.41 19.85 17.97 28.46 15.92 12.36 18.59 21.69 15.14 12.36 19.17 16.1 18.21 17.32 19.44 12.36 23.41 38.43 33.89 21.29 16.16 21.3 12.36 
19.71 19.84 17.54 16.95 18.44 18.39 18.37 24.54 21.43 21.56 17.01 23.42 16.74 18.86 18.98 18.11 33.16 22.62 24.15 17.61 12.36 21.25 11.4 26.17 
18.68 9.48 17.83 15.95 19.45 12.36 28.15 27.05 20.44 25.46 18.42 15.88 18.09 19.22 18.35 9.81 15.49 24.39 21.03 18.15 18.16 11.4 17.42 14.88 
17.69 19.81 16.92 16.03 20.44 15.9 12.37 18.28 21.45 14.91 23.16 21.16 13.74 16.17 18.29 15.43 23.4 20.86 27.76 27.41 16.62 21.29 24.04 21.13 
16.68 15.82 17.93 13.64 19.45 32.06 23.38 23.14 23.44 18.89 24.56 21.64 19.06 16.77 16.19 16.31 32.06 16.52 23.4 12.36 18.72 21.53 14.76 19.18 
19.7 15.4 18.82 19.96 22.68 29.15 26.4 17.86 12.36 20.54 20.53 21.65 17.08 19.22 15.34 19.49 19.1 13.49 17.16 18.13 14.06 23.14 18.59 15.49 
23.72 15.42 16.84 17.97 24.7 18.14 17.13 18.39 18.44 12.36 18.81 20.93 19.11 14.81 15.24 19.38 24.75 13.93 24.55 18.5 16.04 22.15 12.36 12.36 
16.7 9.46 19.85 13.56 26.46 26.64 20.07 24.51 21.46 12.36 16.41 12.36 17.98 20.09 15.2 12.91 18.13 12.36 26.04 21.91 22.41 18.5 12.36 12.36 
16.71 18.84 15.95 19.06 18.42 15.88 21.77 26.15 17.43 12.36 27.43 22.88 13.15 15.57 18.7 16.41 22.33 12.19 21.4 31.05 20.4 23.16 17.94 21.38 
20.68 18.39 18.8 15.94 30.46 16.8 54.23 33.53 12.36 20.76 16.2 25.55 16.05 16.17 16.29 17.42 36.42 13.49 12.37 17.26 16.76 18.13 12.36 17.33 
16.68 17.82 18.92 16.28 21.45 19.15 13.83 23.5 12.36 26.59 12.36 21.04 16.4 18.53 16.64 18.76 20.96 18.39 13.08 24.41 15.06 21.41 19.15 13.62 
16.68 9.48 15.81 19.95 19.45 36.17 30.78 47.46 18.44 15.9 16.44 19.4 13.66 18.09 19.21 18.82 27.55 26.41 17.4 18.51 19.25 21.71 20.15 23.14 
20.71 14.41 15.83 16.94 25.69 41.17 23.51 17.4 21.43 23.55 20.53 17.63 16.07 15.2 15.33 16.43 12.36 12.36 18.43 12.36 21.15 16.02 12.36 23.44 
16.68 19.81 16.92 19.06 12.36 17.15 12.36 12.36 18.44 13.9 18.13 26.1 16.17 15.31 17.45 18.57 25.52 16.03 22.42 15.75 13.49 12.36 18.12 12.36 
17.69 18.8 18.04 19.17 12.36 27.57 17.51 26.41 26.45 25.59 19.04 20.04 19.29 17.41 15.53 17.65 20.19 27.05 16.14 26.25 17.5 21.14 14.6 21.14 
20.68 15.79 11.61 16.93 17.43 14.89 12.37 12.36 22.46 13.38 16.8 21.37 20.05 15.77 19.17 13.12 17.03 15.44 23.64 21.08 12.36 19.84 14.25 19.98 
20.7 16.41 17.81 16.6 19.43 24.56 12.37 16.27 21.69 17.14 12.36 20.15 9.56 16.72 16.85 18.98 24.38 20.16 18.39 13.48 12.36 19.49 18.39 12.36 
19.71 15.84 17.97 18.09 12.36 12.37 25.64 16.14 21.43 23.56 16.82 17.57 15.8 19.23 18.35 17.48 21.4 14.86 21.03 18.53 21.4 18.85 23.75 22.15 
20.7 9.46 18.82 15.95 34.48 22.78 21.15 15.75 18.42 22.55 18 19.47 17.06 12.78 20.19 15.31 21.14 27.83 16.39 20.51 28.65 20.1 22.53 21.4 
16.7 15.84 18.96 14.67 20.42 21.46 17.4 29.05 12.36 23.55 24.43 21.89 16.09 15.22 17.34 17.46 25.51 31.58 15.75 18.15 20.14 13.75 12.36 25.65 
18.7 19.83 16.96 16.1 30.46 33.16 20.77 20.41 21.46 20.58 19.15 24.04 17.2 15.32 18.45 19.58 46.44 39.9 48.56 38.54 17.5 21.16 20.14 15.6 
16.7 15.82 19.93 19.04 12.36 20.54 22.15 19.61 18.42 24.56 15.83 28.14 16.52 19.65 19.77 18.89 31.05 21.51 12.36 21.4 19.6 11.95 21.15 16.02 
18.68 17.8 19.94 20.05 19.43 17.14 12.36 19.16 12.36 23.55 18.12 20.65 15.76 20.17 15.28 18.39 37.2 18.75 12.36 18.16 26.16 18.38 12.36 12.36 
19.72 15.42 23.84 17.36 12.36 20.52 16.87 24.15 20.44 21.46 18.42 25.2 18.47 15.59 15.7 16.81 16.38 30.52 17.98 23.14 18.75 20.14 12.36 12.36 
20.7 17.83 15.54 17.97 19.43 12.36 12.37 21.54 12.36 17.55 21.49 20.44 19.08 18.6 17.71 19.83 16.41 16.39 28.45 20.75 12.36 19.41 19.41 13.49 
16.7 18.84 17.95 20.07 31.47 20.01 15.46 16.14 25.46 14.91 11.94 29.13 19.18 18.78 14.58 18 27.07 17.51 27.18 12.36 15.49 27.31 21.14 12.36 
20.7 9.46 16.82 14.53 16.42 25.81 16.72 26.15 17.43 14.89 27.73 23.07 18.94 16.65 20.07 15.78 19.16 12.36 12.36 12.36 16.39 12.36 12.36 20.52 
19.69 17.4 16.82 15.93 12.36 12.36 25.42 13.83 23.45 26.54 11.63 16.13 18.08 17.19 12.89 18.33 16.92 17.13 28.17 23.63 12.36 12.36 18.39 12.36 
18.68 18.8 18.92 19.04 24.46 21.4 16.14 16.41 12.36 19.53 23.65 17.32 18.17 16.29 18.41 18.53 12.36 20.04 12.36 18.27 12.36 23.15 16.75 25.41 
18.68 16.81 18.92 24.05 28.44 16.14 26.28 23.4 21.44 16.89 24.56 18.02 13.76 17.17 17.95 19.08 22.54 16.76 12.37 20.52 23.39 20.52 21.17 23.42 
16.71 16.82 14.53 16.94 12.36 22.54 23.64 18.72 17.43 12.36 24.65 18.13 12.65 19.08 18.19 16.31 29.51 25.9 21.17 21.43 16.13 20.25 12.36 19.51 
19.71 17.42 19.83 17.54 12.36 15.91 16.15 23.14 12.36 27.72 25.17 26.01 18.94 18.42 15.54 19.69 14.6 18.13 12.36 12.36 13.84 21.14 16.02 21.15 
20.7 18.41 15.84 15.95 12.36 25.48 18.13 12.36 12.36 17.46 12.36 21.41 19.06 16.56 15.68 18.8 12.36 12.36 12.37 17.27 18.86 20.4 12.36 19.14 
17.71 18.85 15.96 20.07 18.42 29.57 28.4 25.86 24.47 24.43 16.12 26.16 16.19 13.9 17.3 19.11 33.76 25.77 16.59 17.14 21.4 19.75 18.39 12.36 
19.69 18.81 14.62 18.02 20.44 17.15 25.53 19.18 12.36 29.79 19.23 18.12 18.82 17.95 17.05 24.18 22.83 12.37 26.56 15.51 12.36 23.13 17.79 18.13 
