10.58 21.83 23.95 13.91 25.43 20.89 24.45 16.58 12.36 12.36 23.65 20.76 16.33 23.47 11.47 19.59 19.27 14.71 12.36 16.12 25.42 20.52 24.83 25.19 
18.68 22.8 18.92 23.04 12.36 23.4 16.86 21.03 22.44 15.9 23.14 18.6 16.76 24.19 13.9 21.34 15.87 19.4 19.04 12.36 27.26 17.14 25.26 14.39 
20.68 9.48 10.59 17.95 21.44 12.36 17.38 16.22 22.44 17.9 25.41 16.53 18.07 13.78 16.19 10.58 25.15 23.41 18.5 23.4 21.14 18.6 24.49 22.24 
10.58 21.83 23.95 16.32 21.43 13.84 12.36 22.12 22.44 12.36 23.14 12.44 20.45 18.56 20.68 16.8 19.58 23.05 21.41 23.44 16.02 17.14 15.55 12.36 
10.58 20.8 18.91 15.03 23.43 13.84 19.4 24.18 18.44 24.56 17.45 12.36 21.16 23.27 20.98 29.39 15.64 23.41 19.03 12.84 21.26 17.14 21.26 18.39 
10.58 10.58 14.93 22.07 12.36 21.4 14.86 20.64 20.44 24.56 12.36 25.05 15.78 22.19 18.57 24.98 16.09 12.37 21.03 16.49 25.17 20.52 19.53 14.99 
14.68 9.8 10.58 10.58 21.44 12.36 23.42 16.59 12.36 12.36 18.16 21.35 23.95 15.65 18.07 16.18 18.12 14.53 17.4 12.36 21.47 23.42 22.24 15.45 
20.68 16.8 16.92 14.63 23.43 21.56 26.51 18.5 12.36 21.14 16.52 22.64 19.05 19.16 23.29 15.4 12.36 26.44 21.19 17.31 12.36 25.3 14.75 23.42 
19.71 11.44 24.87 18.57 25.43 13.84 17.56 23.48 12.36 12.36 20.5 12.36 14.98 10.58 20.26 22.37 18.36 25.44 16.5 12.36 24.51 21.18 21.66 17.43 
17.71 23.83 22.09 18.2 19.43 17.55 23.43 18.13 18.44 13.9 12.36 16.39 14.33 21.47 21.59 10.58 26.43 16.49 12.37 21.4 21.14 16.39 12.36 18.5 
10.58 16.8 23.96 19.66 19.43 13.84 12.36 25.84 12.36 21.14 17.51 14.97 10.58 16.19 10.58 19.46 21.27 12.36 17.63 20.84 12.36 12.36 18.38 20.5 
23.72 21.83 17.54 21.95 24.46 18.36 15.81 21.43 20.44 16.56 12.36 18.15 20.33 10.58 20.87 22.98 19.4 12.36 23.4 18.86 21.14 23.3 13.94 21.42 
17.71 24.86 14.57 14.98 26.46 21.03 12.37 21.41 26.44 23.9 31.79 19.25 15.1 22.25 22.37 20.08 13.88 24.09 14.5 21.17 16.39 16.39 12.36 23.05 
20.68 16.39 21.83 17.54 19.67 12.36 20.51 16.13 12.36 20.16 16.52 22.63 13.96 10.58 17.23 12.93 12.36 12.37 23.4 16.49 12.36 24.57 19.05 17.17 
10.58 16.8 23.95 22.07 12.36 12.36 17.4 23.4 16.44 22.56 15.83 25.29 20.19 22.31 14.02 14.43 16.14 27.16 14.73 19.41 13.94 21.14 21.26 12.36 
19.71 19.83 17.54 21.95 12.36 12.36 18.37 23.4 26.44 13.9 19.46 17.58 16.74 18.86 18.98 10.58 18.14 20.25 12.36 18.25 12.36 26.17 16.76 25.41 
18.68 9.48 17.83 15.95 24.46 23.4 18.14 23.4 20.44 12.36 23.42 20.76 23.11 19.22 14.08 19.46 13.86 16.13 12.36 18.49 12.36 20.5 22.61 17.41 
10.58 14.8 16.93 21.04 12.36 23.56 21.4 21.64 16.44 21.46 12.36 23.14 18.75 10.58 14.04 20.43 24.54 22 23.4 12.37 18.52 21.72 22.25 12.36 
16.68 10.58 10.59 21.04 24.46 21.4 12.36 21.43 12.36 21.53 23.64 21.36 23.17 20.87 15.29 15.4 18.13 16.24 26.36 20.43 18.75 12.36 16.49 23.55 
14.68 22.8 22.93 19.04 17.43 23.4 16.13 20.24 22.44 17.9 16.39 26.17 10.59 18.31 14.43 23.58 18.7 14.16 17.4 18.13 16.76 23.14 18.75 27.41 
23.72 15.42 10.58 22.98 24.7 18.14 12.36 19.04 18.44 25.59 16.17 16.15 19.11 14.81 20.26 14.37 23.64 23.4 12.36 21.41 16.27 21.14 20.52 12.36 
21.72 17.42 24.86 18.57 26.7 16.12 21.84 15.28 16.44 12.36 23.18 20.52 22.99 11.45 10.59 21.89 23.4 12.37 17.04 15.45 16.43 11.88 16.39 19.33 
21.72 10.58 15.95 24.07 23.43 20.89 26.78 21.4 22.44 18.39 20.51 15.97 18.15 10.58 23.72 21.42 26.67 14.73 19.03 17.64 25.42 16.88 23.14 21.12 
20.68 18.39 18.8 10.58 16.62 21.04 19.15 12.36 12.36 25.53 20.98 24.24 10.59 10.58 10.59 22.43 21.4 12.36 18.95 23.06 15.7 16.38 20.5 17.96 
16.68 10.58 18.93 10.58 26.46 16.5 21.48 15.34 12.36 16.56 12.36 18.38 10.58 10.58 10.58 10.58 23.41 16.49 25.06 18.53 13.84 19.84 17.96 24.08 
16.68 9.48 10.59 19.95 24.46 12.36 20.7 16.14 18.44 15.9 26.46 20.76 13.67 23.1 16.81 19.22 20.11 12.37 19.98 13.44 23.42 13.95 12.36 12.36 
10.58 16.8 14.92 21.04 12.36 19.03 12.37 23.43 26.44 15.9 26.49 15.51 15.17 24.31 9.85 16.25 17.2 17.69 15.14 19.4 12.36 12.36 25.3 23.14 
16.68 14.8 16.92 24.07 12.36 12.36 12.36 17.64 18.44 13.9 16.16 26.09 13.78 21.22 10.58 24.49 14.23 23.41 12.36 18.89 13.55 12.36 25.83 12.36 
10.58 18.8 10.58 24.07 25.43 16.24 19.4 13.86 16.44 25.42 18.75 12.36 24.19 22.8 20.92 23.04 16.47 12.37 16.14 26.25 23.16 13.94 17.05 26.2 
20.68 20.8 18.51 16.92 17.43 14.89 21.02 21.49 12.36 16.02 16.15 21.14 15.05 23.16 20.87 25.28 19.4 16.86 21.64 18.72 12.36 12.36 21.26 19.38 
10.58 18.8 14.51 10.58 19.43 18.47 20.13 24.01 16.44 24.56 13.94 12.36 19.04 12.75 10.58 18.31 18.5 24.52 17.08 23.75 25.18 20.76 21.05 12.36 
19.71 15.83 22.98 23.1 17.43 10.88 21.55 16.14 26.44 15.9 20.56 18.39 20.81 19.22 10.59 22.49 21.4 14.86 16.37 18.78 18.38 15.84 12.36 23.14 
10.58 14.8 22.92 15.04 24.46 23.4 20.87 16.32 12.36 17.53 14.27 23.14 21.16 16.87 19.28 19.4 16.13 18.14 12.36 17.4 21.41 13.94 16.52 16.39 
21.71 15.83 13.95 22.07 25.43 16.45 25.16 21.04 12.36 12.36 23.42 20.76 20.2 14.31 16.43 16.55 18.49 21.41 17.03 25.16 12.36 23.26 21.14 18.39 
23.72 19.83 10.59 21.1 12.36 23.41 25.15 19.49 16.44 24.49 16.38 18.39 14.81 10.58 24.37 20.49 21.64 15.09 23.41 13.88 24.51 22.88 18.15 14.56 
21.71 11.44 15.83 19.95 12.36 24.46 16.13 26.26 12.36 24.56 15.83 18.38 10.58 10.58 10.58 14.43 23.4 23.4 19.63 26.44 22.5 14.76 21.14 23.05 
18.68 22.8 14.92 15.04 19.43 12.36 21.44 16.35 12.36 12.36 12.36 21.19 23.17 16.87 15.29 23.4 16.12 25.15 14.61 12.36 16.38 26.24 19.14 12.36 
19.72 15.42 23.84 22.37 25.43 22.89 17.02 12.36 20.44 22.56 23.05 12.36 16.08 16.49 16.62 22.73 12.36 12.37 12.36 12.37 18.15 24.56 18.14 25.29 
10.58 17.83 15.54 22.98 19.43 23.64 15.09 26.78 22.44 22.56 17.42 22.82 16.69 24.13 15.84 16.25 22.43 23.64 21.41 13.88 21.14 21.18 12.36 18.38 
21.72 10.58 17.96 20.07 26.46 16.12 23.4 12.37 20.44 22.56 20.02 16.39 24.19 16.39 22.81 23.59 24.43 14.5 12.36 19.4 16.39 25.42 16.52 16.02 
10.58 14.8 20.92 18.63 21.43 12.37 19.27 21.39 22.44 19.9 23.14 12.36 23.05 21.42 19.83 15.54 25.19 12.36 24.59 21.03 12.36 12.36 23.42 18.88 
14.68 9.8 21.71 11.45 19.44 12.36 23.42 23.15 18.44 12.36 25.19 20.65 18.85 22.97 18.68 24.12 16.61 25.16 17.04 23.4 25.42 18.39 21.14 23.32 
18.68 18.8 18.92 19.04 24.46 21.4 16.14 21.42 12.36 19.53 23.65 17.32 10.58 10.58 10.59 10.58 18.72 12.36 19.97 18.09 12.36 23.14 16.75 25.41 
18.68 16.8 18.92 19.04 23.43 16.14 21.04 17.64 26.44 21.9 24.56 16.76 21.16 18.87 17.28 10.58 16.13 23.4 23.16 17.4 18.38 25.53 14.75 21.18 
21.72 21.83 19.54 21.95 19.43 14.89 12.36 23.64 22.44 18.39 19.58 12.37 18.33 14.74 18.86 16.98 14.72 21.64 12.37 21.86 19.53 23.65 23.14 17.41 
19.72 17.42 19.83 17.54 12.36 16.74 18.37 22.25 22.44 17.46 14.92 26.24 23.95 16.02 21.47 15.58 23.4 21.41 26.43 18.43 13.84 16.15 16.39 16.39 
10.58 20.8 14.92 15.03 19.43 23.4 16.13 20.97 20.44 18.39 12.36 16.39 23.15 15.27 19.4 17.51 19.08 23.41 16.49 17.4 11.92 25.41 18.38 12.36 
17.71 10.58 15.96 20.07 23.43 19.55 12.36 24.25 12.36 25.42 18.16 23.14 16.19 13.9 22.31 19.1 21.7 25.6 17.64 12.36 16.75 25.41 12.36 12.36 
14.68 18.8 14.51 22.92 12.36 21.41 17.88 21.4 12.36 19.53 21.46 23.14 23.72 17.84 21.97 24.08 19.18 12.37 26.44 14.49 18.38 12.36 18.14 25.29 
