###in no., in ratio, out no., out ratio, gene no, Epgenetics no.###
3
0.5
2
0.4
50
3
###########Genome#########
*
7.4645e-13
0.921079
0.0671692
0.248756
18.0047
-0.77221
0.729331
0.765893
0.685446
*
0.412549
0.822535
0.117268
-0.509262
2.91086
-0.292276
0.11536
0.1919
0.827326
*
0.262612
0.000671407
0.0323537
-0.748955
4.15296
-0.125828
0.704123
0.8511
0.277108
*
0
0.669973
0.0531063
0.667653
9.65911
0.674429
0.0896634
0.0731834
0.622028
*
0.546831
0.311808
0.132788
0.290689
11.3022
0.17716
0.715018
0.0574664
0.329264
*
0
0.11536
0.0229581
0.859004
5.5092
-0.161473
0.390759
0.520249
0.732444
*
0.656
0.43733
0.0832952
-0.267922
8.29066
0.917478
0.130009
0.519395
0.974548
*
0.382
0.0562151
0.0643615
-0.14481
13.1352
0.130222
0.670278
0.750786
0.763176
*
0.179968
0.924253
0.0786238
0.936033
4.44899
0.243995
0.848048
0.111515
0.490768
*
0
0.795434
0.0995351
-0.879879
18.7951
-0.160009
0.0733665
0.813593
0.00189215
*
0
0.140507
0.0628885
-0.374126
16.5593
-0.941771
0.146458
0.821894
0.0093997
*
0
0.883267
0.0839137
-0.33018
6.30512
0.721488
0.410199
0.652364
0.560991
*
0.701
0.840754
0.117635
-0.0904263
1.90069
-0.747429
0.505234
0.587146
0.295206
*
0.948546
0.357036
0.107832
0.747246
8.87295
-0.960509
0.201056
0.853786
0.707327
*
0.7455
0.2772
0.00688091
-0.716788
3.29356
-0.126926
0.0143437
0.178655
0.44319
*
0.837245
0.547105
0.0378674
0.161596
15.0713
-0.00723289
0.918027
0.804407
0.135289
*
0.983215
0.162511
0.111954
-0.492111
8.27113
-0.640553
0.153935
0.206641
0.655446
*
0.367351
0.526322
0.119661
-0.572192
1.46367
-0.436079
0.175268
0.569231
0.288095
*
0.666311
0.665304
0.12677
0.504807
3.40342
-0.641896
0.0564592
0.468459
0.623737
*
0.22718
0.335795
0.0225552
0.382
10.2823
-0.00997955
0.776696
0.825617
0.658345
*
0.96588
0.548296
0.0464777
0.00991852
8.47621
-0.850093
0.0892361
0.644978
0.45613
*
0
0.489029
0.0362804
0.513901
0.878323
-0.153905
0.2931
0.486526
0.241066
*
0.00191572
0.286477
0.00247403
0.99884
6.26301
-0.980041
0.650472
0.0460524
0.627338
*
0.802698
0.779473
0.0409965
0.0665609
6.17328
-0.791131
0.195715
0.514267
0.109867
*
0
0.499985
0.0503515
-0.653615
1.37577
0.755242
0.237983
0.232704
0.557024
*
0.834468
0.195441
0.0972971
-0.646046
15.7305
-0.260414
0.790338
0.505295
0.778069
*
0.672
0.498978
0.0518123
0.572436
7.64428
-0.786004
0.261544
0.83517
0.407514
*
0.871
0.995422
0.0372326
-0.672658
17.6037
0.0550249
0.245491
0.942686
0.0959502
*
0.471114
0.894955
0.104536
0.235572
12.3045
0.0989105
0.288095
0.398511
0.871944
*
0.433236
0.982849
0.122603
0.0443434
7.81884
-0.472701
0.994934
0.671285
0.1283
*
0.64687
0.82815
0.0209113
0.043611
10.9006
0.599353
0.513596
0.777673
0.927732
*
0.232521
0.653676
0.112959
-0.725517
1.80425
0.431074
0.953337
0.511155
0.856563
*
0.72391
0.356853
0.015951
0.670339
16.5545
-0.989868
0.250282
0.43199
0.819025
*
0.174322
0.599628
0.120784
0.180761
19.0716
-0.900388
0.926542
0.0619221
0.30079
*
0.854824
0.411359
0.0536149
-0.269204
4.52223
-0.921201
0.906003
0.874752
0.906583
*
0.40965
0.971068
0.0933988
0.785089
6.83309
0.352702
0.948088
0.762413
0.808924
*
1
0.488083
0.0463922
0.691519
3.36314
-0.217872
0.281869
0.0297555
0.430921
*
0.197302
0.747948
0.100125
0.917173
8.9462
0.799371
0.303812
0.00140385
0.581835
*
0
0.564653
0.0358938
0.00619526
4.17127
0.466475
0.44499
0.28132
0.526414
*
0.917051
0.754112
0.0583229
0.831294
7.71447
0.119541
0.173498
0.0396741
0.339885
*
0
0.550554
0.07934
0.212806
7.39219
0.118809
0.0835597
0.964537
0.696066
*
0.419355
0.702475
0.0048911
-0.815668
19.837
-0.17777
0.466964
0.554643
0.86639
*
0.476626
0.904111
0.0410372
0.0134587
6.95212
-0.997803
0.674032
0.886898
0.544084
*
0.0669881
0.701254
0.0306813
-0.997803
12.2593
-0.228492
0.223365
0.609912
0.909085
*
0.557319
0.7369
0.0913154
-0.0578936
3.97778
0.858638
0.532212
0.658376
0.515702
*
0
0.809717
0.0299529
-0.130406
12.9936
0.353923
0.122135
0.628559
0.944731
*
0.7925
0.339793
0.109797
0.0183416
4.63637
0.81988
0.289407
0.280953
0.398602
*
0.499252
0.361431
0.0622903
0.203711
7.18833
-0.295877
0.77047
0.721274
0.0373852
*
0.208371
0.586474
0.0942574
0.373943
3.56944
0.715629
0.689016
0.100284
0.5992
*
0.995529
0.254494
0.0329519
-0.38023
14.2167
0.831538
0.732139
0.980163
0.711753
###########Epigenome#########
*
0.0235908
0.171676
0.813349
0.0120817
16.5239
*
0.648274
0.122578
-0.23075
0.0176812
0.218513
*
0.207434
0.180526
0.548448
0.0109156
13.6033
