###in no., in ratio, out no., out ratio, gene no, Epgenetics no.###
4
0.5
2
0.4
50
3
###########Genome#########
*
0.761528
0.551439
0.00540788
0.429365
11.3059
-0.714713
0.327769
0.70864
0.659413
*
0
0.903134
0.117126
0.310831
11.9077
-0.159093
0.177923
0.511032
0.486251
*
0
0.00149541
0.0723574
-0.239418
16.27
0.442854
0.26072
0.936094
0.528642
*
0.660207
0.861721
0.029017
-0.901364
10.9311
-0.0907926
0.060152
0.371654
0.537278
*
0.738914
0.976073
0.0197719
-0.217139
19.5697
-0.916013
0.0138554
0.487594
0.622578
*
0.894722
0.301767
0.0837102
-0.820673
2.6075
0.339518
0.507981
0.547777
0.20304
*
0.996765
0.6245
0.0109867
0.750664
2.3542
-0.800531
0.456587
0.654439
0.288156
*
0.814264
0.752098
0.0793441
0.194555
6.26972
0.588488
0.99588
0.162328
0.407544
*
0.605276
0.542772
0.0717917
-0.156163
2.73751
0.725639
0.716453
0.650777
0.807459
*
0.284097
0.867153
0.131559
0.607837
2.82113
0.855892
0.176855
0.995209
0.41435
*
0
0.546892
0.0894111
-0.997314
11.5873
-0.0658895
0.229804
0.490432
0.371136
*
0.713065
0.961791
0.0275725
-0.319803
12.1018
0.0696738
0.204718
0.764977
0.143742
*
0
0.442946
0.0653544
0.0351268
0.275887
-0.650197
0.029725
0.718741
0.479232
*
0.6875
0.728599
0.0704408
0.653615
10.3684
-0.542283
0.122868
0.841426
0.49089
*
0.255165
0.810358
0.0152308
0.0143742
19.0997
0.862362
0.00271615
0.276803
0.309915
*
0.974532
0.185614
0.0829127
-0.316935
11.4994
-0.352947
0.551805
0.0320139
0.166448
*
0.992381
0.481216
0.113675
-0.541856
14.6123
-0.541734
0.892178
0.740898
0.000732444
*
0.66614
0.0532548
0.128422
-0.20127
3.43211
-0.346599
0.996887
0.695975
0.471175
*
0.381085
0.380383
0.0352794
0.275552
0.549944
-0.361064
0.779809
0.801782
0.930357
*
0
0.746941
0.103153
-0.509507
14.9425
0.844905
0.0966216
0.875698
0.381481
*
0.571429
0.683981
0.0554623
-0.532884
16.718
-0.868709
0.91232
0.571154
0.762993
*
0.0185858
0.467208
0.0176967
-0.835505
6.87216
0.44676
0.818751
0.990509
0.792199
*
0.656911
0.192755
0.0138106
-0.360881
19.5849
-0.797906
0.560289
0.992035
0.672323
*
0.925047
0.620197
0.0387382
-0.366192
19.3872
-0.0265816
0.560289
0.0675985
0.803613
*
0.99999
0.776452
0.0837794
-0.562059
16.3695
0.321635
0.930082
0.117924
0.746422
*
0
0.754295
0.0423556
-0.705069
2.69845
-0.807489
0.187811
0.00881985
0.00457778
*
0.725639
0.410474
0.121683
-0.575854
15.8507
0.112033
0.00793481
0.424085
0.358745
*
0.857509
0.908902
0.104166
-0.382855
13.9451
0.667165
0.576495
0.978698
0.63155
*
0.681692
0.13599
0.0226447
-0.708853
11.9913
-0.800775
0.745079
0.955901
0.286813
*
0
0.497024
0.0785302
-0.0608234
1.11148
-0.184179
0.394635
0.926115
0.607135
*
0.656148
0.0674459
0.0241056
-0.667409
13.4446
-0.225501
0.42494
0.903806
0.304483
*
0.829565
0.149693
0.0813094
-0.111728
14.1643
0.73162
0.876858
0.179754
0.093997
*
0.449324
0.204932
0.104731
0.942381
1.42521
-0.770318
0.842189
0.96646
0.955779
*
0.999433
0.524369
0.0184454
-0.376507
19.8511
-0.0433668
0.760643
0.791253
0.392987
*
0.560167
0.107883
0.0658101
0.806452
15.388
0.851985
0.425886
0.227668
0.729118
*
0.820002
0.460829
0.110225
0.960082
5.64653
0.275002
0.277657
0.538347
0.237434
*
0.363262
0.0269784
0.0630512
0.696707
19.823
-0.260659
0.68218
0.915555
0.493759
*
0.636607
0.994446
0.11713
-0.888363
0.631123
-0.31785
0.252571
0.097293
0.626392
*
0.113865
0.560045
0.0444675
-0.363201
11.6196
0.101779
0.954436
0.342753
0.572222
*
0.762291
0.537706
0.117989
0.895444
11.6721
-0.518967
0.191504
0.666189
0.413099
*
0.141392
0.92935
0.120214
-0.0711386
15.7915
-0.926939
0.383801
0.277932
0.932188
*
0.63264
0.230537
0.0398206
-0.0999481
5.4384
0.99823
0.827448
0.112003
0.248878
*
0.999176
0.629719
0.0458917
-0.613636
11.5708
0.000457778
0.692709
0.455977
0.401929
*
0.998756
0.998688
0.0194627
-0.917234
7.29209
0.104038
0.654683
0.241432
0.828211
*
0.732627
0.410627
0.040614
-0.665273
5.30412
-0.958983
0.191595
0.801508
0.73513
*
0.726
0.627857
0.0316294
0.576403
6.44368
-0.919614
0.0927458
0.234046
0.907285
*
0.953448
0.896512
0.00711285
-0.183325
16.4708
0.148961
0.947081
0.00540178
0.0615864
*
0.802257
0.454268
0.0357026
-0.991089
1.74932
-0.303568
0.564074
0.657949
0.471694
*
0.553972
0.791009
0.0205776
0.144993
9.56389
0.667653
0.0957976
0.626118
0.775628
*
0.148167
0.729118
0.105236
-0.935179
19.4806
0.88934
0.845393
0.773736
0.738823
###########Epigenome#########
*
0.563372
0.196854
0.567003
0.0190204
9.26481
*
0.0200507
0.164583
0.183386
0.0125346
10.4282
*
0.219001
0.189889
0.0835292
0.0185891
1.507
