###in no., in ratio, out no., out ratio, gene no, Epgenetics no.###
4
0.5
2
0.4
50
3
###########Genome#########
*
0
0.759148
0.0939441
-0.791437
9.07682
0.519944
0.377056
0.620502
0.0108646
*
0.0477718
0.482894
0.07381
0.339335
0.845363
0.0754723
0.981506
0.489578
0.097232
*
0
0.753533
0.04273
-0.532762
8.14173
0.322916
0.208533
0.158788
0.401318
*
0.6355
0.508194
0.03508
0.787103
11.3742
-0.619312
0.101566
0.609058
0.731101
*
0.0132183
0.261879
0.11652
0.562243
4.2378
-0.378338
0.838496
0.991485
0.0205695
*
1
0.663991
0.0298959
-0.25309
16.2395
0.280862
0.117618
0.503769
0.0556352
*
1
0.373302
0.0498103
-0.197424
14.8888
-0.0462966
0.117618
0.65331
0.954711
*
0
0.775781
0.029961
0.171239
5.11002
-0.0839564
0.177282
0.007416
0.727622
*
0.00183129
0.199957
0.122505
0.702872
8.96451
0.818842
0.922086
0.980651
0.245216
*
0.508901
0.440321
0.130623
-0.00387585
9.18729
-0.218848
0.73339
0.580004
0.624714
*
0.318031
0.0463271
0.074103
0.200415
3.80627
0.172887
0.686697
0.934172
0.36079
*
0
0.728935
0.0280567
0.232765
17.6312
-0.837092
0.465041
0.359355
0.294656
*
0.775232
0.413648
0.0785913
-0.063448
19.5135
-0.202551
0.886837
0.394604
0.0844142
*
0
0.94821
0.0383109
-0.242042
15.8763
0.989196
0.395062
0.631916
0.206122
*
0
0.600146
0.119466
-0.826838
16.7602
0.714469
0.493027
0.157048
0.840266
*
7.62819e-06
0.379131
0.0237353
0.774895
15.2068
0.146031
0.939787
0.249611
0.331645
*
0.260716
0.703848
0.027312
0.0572222
18.2141
-0.50029
0.60445
0.513565
0.945647
*
0.999993
0.962859
0.120568
-0.674368
17.5994
-0.771966
0.56093
0.733116
0.19306
*
0
0.795984
0.129834
-0.400372
6.69698
0.360454
0.449538
0.747063
0.766259
*
0.299071
0.128483
0.048207
0.5244
1.6242
-0.800897
0.963652
0.216834
0.356731
*
0.0247517
0.600604
0.0252286
0.2996
12.2623
0.302164
0.791284
0.321482
0.200903
*
0
0.308664
0.0934355
0.143895
10.7559
-0.6798
0.353038
0.612293
0.545946
*
0
0.395459
0.117797
0.777703
9.47722
0.681509
0.191107
0.037904
0.63451
*
0
0.40904
0.0980051
0.470382
6.54134
0.525071
0.16483
0.810297
0.751213
*
0.456435
0.315409
0.0971831
0.11362
7.01926
0.201392
0.938688
0.878353
0.247627
*
9.62448e-07
0.236824
0.0730898
0.856319
16.0845
0.462996
0.935667
0.804895
0.443464
*
0.233821
0.597552
0.0323252
0.187475
6.33076
-0.252602
0.819086
0.962127
0.0448927
*
0
0.0601215
0.0413465
0.0494705
18.2812
0.81225
0.441908
0.774621
0.769311
*
1
0.0886563
0.0508438
-0.29191
16.1315
0.399396
0.00393689
0.465926
0.548936
*
0.614
0.635517
0.0509863
0.828974
2.50435
-0.922178
0.336253
0.552568
0.598682
*
0.692268
0.213355
0.108117
0.394818
0.933866
0.729911
0.811945
0.526872
0.435804
*
0.8395
0.332072
0.00657572
0.270608
2.58248
-0.859371
0.122898
0.332804
0.0943022
*
0
0.742241
0.0967437
0.126926
3.95886
0.241432
0.299051
0.966521
0.229225
*
0.614
0.344157
0.0170334
-0.747429
2.64107
-0.357707
0.288858
0.828242
0.11652
*
0.6715
0.724113
0.0124882
-0.543626
13.2218
-0.885128
0.286264
0.0621052
0.20661
*
0.389904
0.532701
0.115083
0.104221
7.90918
0.369549
0.904813
0.432417
0.498398
*
1
0.235023
0.017066
-0.635975
9.80255
0.068392
0.0217292
0.667074
0.787561
*
1
0.975646
0.123547
0.38493
12.6231
0.704398
0.112339
0.380963
0.907926
*
0
0.800592
0.0186326
0.447859
17.4474
0.780816
0.420331
0.36607
0.495132
*
0.944487
0.160314
0.102526
-0.271889
3.57372
-0.819758
0.522935
0.043733
0.481704
*
0.99271
0.924619
0.098294
-0.288125
17.055
0.455184
0.940275
0.401685
0.875942
*
0
0.94821
0.0113651
-0.447371
0.0469985
-0.0162053
0.459243
0.604205
0.835749
*
0.103549
0.82345
0.0353974
0.813044
18.8366
-0.470626
0.337687
0.741234
0.225379
*
0.863918
0.661122
0.018185
-0.504685
5.94501
0.534532
0.514023
0.216742
0.391552
*
0
0.536729
0.1163
-0.995361
8.33461
-0.663381
0.535844
0.993652
0.245735
*
0.0657284
0.546525
0.0959095
0.806085
3.51268
-0.148473
0.840602
0.499985
0.653066
*
0.7085
0.360698
0.072337
0.504563
3.67687
0.288308
0.332011
0.194922
0.99237
*
0.0539262
0.422468
0.12655
-0.018952
12.3429
0.928037
0.251564
0.513413
0.242256
*
1
0.002472
0.100268
0.884091
19.5782
0.625721
0.0219428
0.613086
0.885769
*
1.42712e-06
0.228919
0.00615253
0.770562
17.4676
0.368755
0.875149
0.658101
0.9859
###########Epigenome#########
*
0.63094
0.214542
-0.0130314
0.0131388
13.5917
*
0.402631
0.219993
-0.157262
0.0102286
14.8216
*
0.694632
0.175838
-0.0224921
0.0132923
5.31388
