###in no., in ratio, out no., out ratio, gene no, Epgenetics no.###
4
0.5
2
0.4
50
3
###########Genome#########
*
1
0.838862
0.108381
-0.801569
18.5986
-0.701041
0.885311
0.884518
0.0743431
*
0.11005
0.97116
0.0855413
-0.262123
6.83798
-0.512986
0.297098
0.697806
0.581561
*
0.000127377
0.555284
0.11879
0.963988
9.30326
0.569689
0.67159
0.937651
0.680898
*
0.000101304
0.845912
0.124674
0.462447
19.8883
-0.035432
0.828944
0.970367
0.86874
*
0
0.176885
0.131128
0.582507
4.27686
-0.149266
0.161657
0.372143
0.525315
*
0
0.357952
0.0606911
0.914975
1.58391
0.976867
0.0687887
0.371471
0.877529
*
0.000111099
0.218116
0.126253
0.965636
13.3012
0.399884
0.361614
0.390576
0.187078
*
0.611552
0.795404
0.0693869
-0.0822474
5.92059
0.618519
0.769646
0.617939
0.853755
*
0.046302
0.238655
0.126668
0.589892
5.12833
0.877682
0.913633
0.765099
0.975951
*
0
0.228828
0.0051149
-0.371685
0.452284
-0.854854
0.355327
0.0570391
0.809381
*
0.401807
0.72631
0.114892
0.221839
14.0483
0.00558489
0.036195
0.498032
0.0693991
*
1
0.43791
0.0697206
-0.497787
0.980255
0.102878
0.276772
0.0687582
0.90228
*
0.205298
0.947966
0.00769066
0.32664
9.00235
0.228858
0.348979
0.323496
0.591784
*
0.6425
0.521561
0.0165207
-0.396649
16.4006
0.93585
0.0656148
0.191626
0.125156
*
0.808
0.234107
0.123262
0.0495926
12.075
-0.200354
0.346538
0.528611
0.557146
*
0.000273722
0.487289
0.103348
0.617969
13.2743
0.556932
0.724418
0.21427
0.571093
*
0
0.0573443
0.018246
0.557299
9.79217
0.0531938
0.25135
0.263161
0.644246
*
0.76458
0.748589
0.130969
0.462569
5.07279
0.119236
0.670278
0.0610675
0.242225
*
0
0.228187
0.0361339
-0.894101
3.80322
0.794549
0.36195
0.951903
0.385907
*
0
0.0545061
0.036667
-0.407331
1.8067
0.822138
0.0187384
0.282022
0.716544
*
0
0.143986
0.0545915
0.510727
11.4072
0.405744
0.442457
0.315683
0.459731
*
9.23734e-05
0.0538041
0.0763085
0.785882
11.8021
0.238563
0.69985
0.097232
0.732597
*
0.219557
0.0750755
0.132043
0.191382
6.62679
0.807428
0.964446
0.88876
0.149083
*
0.0133221
0.0598773
0.0446099
0.32664
13.1803
-0.0922575
0.96176
0.712821
0.528214
*
0.9115
0.915189
0.0712099
-0.391766
0.0347911
-0.379437
0.332865
0.957427
0.820582
*
6.09913e-05
0.436567
0.0368297
0.587573
16.5166
0.21073
0.993988
0.85992
0.127049
*
7.00483e-08
0.861782
0.116532
0.880856
18.7024
0.151402
0.6021
0.797418
0.357189
*
0.955565
0.331126
0.117907
0.292337
11.2564
0.979614
0.602557
0.370678
0.0693381
*
0.671285
0.407849
0.000394706
0.952635
8.78872
0.928159
0.988678
0.247108
0.540788
*
0.503467
0.0468764
0.122758
-0.667043
0.0579852
0.128941
0.98587
0.471236
0.967895
*
0.972942
0.0183416
0.0673279
-0.810663
4.08765
-0.439741
0.709799
0.934202
0.968352
*
0.836172
0.969268
0.0877427
-0.166784
18.5376
-0.111118
0.0500504
0.4532
0.621601
*
8.999e-09
0.00921659
0.0273161
0.932798
19.8608
-0.781487
0.626301
0.937284
0.580523
*
0.999871
0.0152593
0.0613992
-0.684866
11.9407
-0.923399
0.737022
0.0151677
0.75576
*
0
0.567156
0.0723085
-0.360088
4.344
0.926084
0.0077517
0.134312
0.877682
*
0
0.34434
0.00485448
-0.973205
19.198
-0.491073
0.0983306
0.935881
0.801843
*
0.7945
0.708701
0.080756
-0.114963
6.91244
0.26249
0.218879
0.586718
0.375011
*
0.0109371
0.495895
0.0180954
0.331706
13.5801
-0.931639
0.987732
0.244057
0.925077
*
0.00218492
0.526078
0.0579363
-0.769585
3.62194
-0.745537
0.615864
0.253395
0.419935
*
0
0.0578631
0.0788558
-0.00454726
17.4133
0.506455
0.438307
0.104251
0.700797
*
1.14445e-05
0.433149
0.0699159
0.669485
16.9951
-0.838984
0.724754
0.564745
0.260842
*
0
0.570299
0.132568
0.951476
11.4188
0.00961333
0.465865
0.694082
0.451857
*
0
0.579638
0.0947376
0.407147
6.61702
0.0494095
0.748222
0.202246
0.308298
*
0.00100561
0.81402
0.00789005
0.86053
8.01965
0.68218
0.579791
0.28605
0.198614
*
0.681295
0.953001
0.0161056
-0.46617
14.6287
0.35136
0.614582
0.890469
0.0338145
*
0.0268479
0.941252
0.116593
-0.302286
12.1146
0.676016
0.56386
0.377117
0.41258
*
0.999981
0.182012
0.121875
-0.543443
19.9652
-0.452376
0.593524
0.70629
0.65627
*
0.482113
0.8193
0.0787825
0.0224311
3.19102
0.946593
0.703085
0.747642
0.477706
*
7.86316e-05
0.794183
0.10725
0.692557
13.646
0.859066
0.726463
0.0954009
0.51619
*
0.177526
0.690847
0.0642883
-0.137913
9.96612
0.154332
0.153722
0.197272
0.325877
###########Epigenome#########
*
0.555071
0.113581
0.651723
0.0127744
15.3124
*
0.0052797
0.155959
-0.538926
0.012118
5.70269
*
0.233039
0.207285
0.0803552
0.0127183
2.62154
