###in no., in ratio, out no., out ratio, gene no, Epgenetics no.###
4
0.5
2
0.4
50
3
###########Genome#########
*
0
0.634938
0.118461
-0.639882
12.6988
-0.748466
0.48851
0.902676
0.974425
*
0.00955775
0.483505
0.101191
0.255348
18.1744
-0.896054
0.711112
0.148442
0.707541
*
0.23213
0.975005
0.0444878
0.534654
4.83352
-0.0539262
0.96411
0.562395
0.452437
*
0
0.0580462
0.0869493
-0.896908
14.9681
-0.239967
0.459212
0.116947
0.819422
*
0.0284941
0.231666
0.0513077
-0.0954924
7.22129
0.729362
0.561144
0.940001
0.408612
*
0
0.557878
0.0413872
0.481124
10.5875
-0.107517
0.122929
0.206214
0.89816
*
0.351042
0.948668
0.0155034
0.0842006
7.29759
0.817988
0.997864
0.960723
0.96585
*
0.8285
0.737419
0.00365408
-0.0345775
15.6444
0.661
0.328959
0.76165
0.522416
*
0
0.557115
0.0716982
-0.959716
19.6722
-0.762139
0.462142
0.442854
0.115818
*
0.778
0.641102
0.000781274
0.151708
8.7289
0.773553
0.320048
0.427839
0.407544
*
0.784752
0.728019
0.0111576
-0.252663
5.11979
0.261818
0.857601
0.953215
0.697104
*
4.11795e-05
0.312418
0.0731915
0.0804163
12.4357
0.372478
0.852718
0.255165
0.122623
*
0.648319
0.705802
0.0592059
-0.126194
4.84695
0.989319
0.845668
0.365001
0.62624
*
0.318097
0.349376
0.00196132
0.350139
2.1778
-0.457137
0.804804
0.746788
0.415479
*
0.999974
0.756645
0.000402844
-0.693228
15.2141
0.301248
0.538926
0.987701
0.0652791
*
0.82
0.0263375
0.00660827
0.246376
12.183
-0.148656
0.269509
0.218574
0.448775
*
0.884839
0.527116
0.0418348
-0.142735
14.2857
0.401166
0.758568
0.318094
0.572771
*
0.466183
0.127293
0.0377209
0.290139
0.466933
0.0864589
0.513138
0.293405
0.395062
*
0.7695
0.0669881
0.0829697
0.68981
0.798364
0.0357372
0.288949
0.189764
0.470687
*
1
0.882168
0.130098
-0.901791
18.7933
0.160131
0.916105
0.762474
0.167608
*
0.639813
0.832118
0.0237515
-0.235389
2.44087
-0.686087
0.556383
0.884182
0.0760521
*
0.907
0.386151
0.101822
0.317362
13.5679
0.530503
0.264168
0.23957
0.280496
*
0
0.0339366
0.00952177
0.313578
11.5592
-0.17893
0.104404
0.902799
0.30076
*
0.969054
0.165654
0.0987945
-0.355327
9.69268
0.156529
0.786248
0.602191
0.339549
*
0
0.0982391
0.0302784
-0.0254219
4.27259
0.0260933
0.248665
0.717154
0.358318
*
0
0.544877
0.0593483
0.821284
2.99875
-0.699393
0.0235908
0.97998
0.48204
*
0.879
0.112186
0.0116459
-0.621204
12.8983
0.624622
0.259987
0.513993
0.225867
*
0.553
0.0372326
0.0703106
-0.208899
1.64006
-0.668569
0.0987884
0.652272
0.0208441
*
0.00437546
0.126408
0.110693
0.950194
5.71184
-0.698416
0.591082
0.867092
0.83697
*
0
0.14185
0.115413
-0.232215
4.93484
0.480758
0.0853298
0.226753
0.363445
*
0.000210416
0.17304
0.0381237
0.58092
14.5738
0.518418
0.759697
0.817469
0.68215
*
1.57954e-08
0.679312
0.0168218
0.921751
19.4885
0.99646
0.565569
0.53383
0.356334
*
3.03713e-08
0.280282
0.0424777
0.23484
17.3913
-0.377056
0.781732
0.570421
0.104587
*
0.778
0.828913
0.11593
-0.231727
1.84698
0.870785
0.374889
0.849605
0.375744
*
0.939274
0.403729
0.0815332
-0.395367
6.92709
0.909604
0.57918
0.638264
0.0148015
*
0.00767781
0.492477
0.121736
0.629261
7.72607
0.246742
0.945006
0.856136
0.471786
*
0.816
0.68688
0.0437595
0.580248
19.6564
-0.574572
0.0778527
0.932493
0.149205
*
0.6095
0.793573
0.129
-0.701651
16.5734
0.556017
0.254158
0.0310984
0.858058
*
0
0.988464
0.122717
-0.897031
19.3548
0.810053
0.156468
0.61092
0.609912
*
0
0.880551
0.026075
0.87701
15.396
-0.209693
0.0809961
0.63741
0.294504
*
0
0.264473
0.116695
0.29429
2.31452
-0.803034
0.255776
0.887539
0.994293
*
0.0494107
0.0850856
0.042905
0.313578
9.42961
0.635853
0.922575
0.180456
0.062624
*
0.0435187
0.341716
0.0617369
0.176305
17.5268
-0.470199
0.529252
0.358013
0.557756
*
0.768921
0.400494
0.1144
-0.117222
10.2561
0.404523
0.571032
0.28193
0.862667
*
0
0.478103
0.120275
0.600024
9.88006
0.6386
0.169256
0.276528
0.864284
*
2.15385e-08
0.255501
0.0476821
0.713614
11.6398
0.646535
0.748405
0.703177
0.81457
*
0.658
0.870327
0.0902086
0.931272
10.914
-0.231361
0.149419
0.255348
0.894772
*
0.599396
0.878292
0.109411
-0.420759
0.957671
-0.461165
0.910276
0.350017
0.278603
*
0
0.355571
0.0180832
-0.238563
3.53099
0.614612
0.164312
0.332865
0.208075
*
0.0579896
0.166417
0.00522884
0.265542
10.4984
0.745964
0.692831
0.480819
0.423139
###########Epigenome#########
*
0.229713
0.169912
-0.566454
0.0182553
11.5616
*
0.887539
0.126942
-0.888607
0.0195257
4.57534
*
0.332987
0.118012
0.99707
0.0135832
17.0617
