###in no., in ratio, out no., out ratio, gene no, Epgenetics no.###
4
0.5
2
0.4
50
3
###########Genome#########
*
0.454726
0.731498
0.00113122
-0.400555
17.9736
-0.728385
0.294534
0.826685
0.545518
*
1.3791e-06
0.346049
0.11645
0.823298
16.3903
0.872188
0.915708
0.725486
0.677572
*
0
0.542894
0.0125777
-0.990295
11.5098
0.066805
0.00976592
0.611744
0.829493
*
3.30582e-06
0.827021
0.075454
0.139683
0.256966
0.814203
0.201788
0.312235
0.805902
*
0
0.363689
0.0927112
-0.00894192
18.8794
-0.593188
0.389874
0.415662
0.0201727
*
0.0299081
0.0657369
0.0111454
-0.288553
17.4865
-0.848567
0.977447
0.93112
0.430494
*
0.689932
0.241768
0.0763899
0.361736
2.41035
0.850093
0.00473037
0.612751
0.428358
*
0.15483
0.189642
0.000634785
0.300089
5.65569
0.770562
0.970702
0.650014
0.191809
*
0.923691
0.755181
0.0274829
-0.260048
9.58892
-0.0925016
0.601337
0.310434
0.928526
*
0.118365
0.168554
0.0195441
-0.117527
10.676
0.525681
0.592334
0.866268
0.8081
*
0.83245
0.12009
0.113875
-0.0513627
9.39299
-0.706168
0.926634
0.251015
0.262429
*
0
0.254372
0.0836248
-0.854854
7.12058
0.79986
0.469893
0.575854
0.267556
*
0.450758
0.981475
0.0982167
0.472274
18.1951
-0.630848
0.45323
0.148412
0.45848
*
0.0551098
0.167516
0.0999583
0.578356
6.29048
0.232337
0.777215
0.957366
0.666433
*
0
0.441572
0.032903
0.361003
5.65691
0.950987
0.433271
0.432386
0.202216
*
0
0.91467
0.0251147
-0.505417
14.29
0.567248
0.443007
0.24601
0.807642
*
0
0.33256
0.072984
-0.654286
15.9038
0.965819
0.224555
0.243843
0.925962
*
0
0.957091
0.064097
0.425825
15.2928
-0.831843
0.3961
0.734123
0.321116
*
0.116866
0.420454
0.0381929
0.471603
4.28846
0.157079
0.500351
0.812006
0.83282
*
0
0.645528
0.124389
0.0209662
4.43495
-0.965514
0.0307016
0.476638
0.658132
*
0.493545
0.84286
0.0218757
-0.694998
17.224
0.150487
0.218177
0.702506
0.875576
*
0.243507
0.0780358
0.0406547
0.561998
7.95251
0.85052
0.924192
0.473434
0.424757
*
0
0.518479
0.0877997
0.3726
18.092
0.949217
0.45674
0.974731
0.196631
*
0.992803
0.799921
0.061212
-0.476302
10.3439
-0.371502
0.923093
0.396527
0.353557
*
0
0.53328
0.126029
-0.541002
2.66732
-0.778802
0.279153
0.798944
0.0719932
*
0.570757
0.306314
0.00745059
-0.530931
2.55135
0.879391
0.0333567
0.353923
0.513596
*
0.171209
0.323527
0.0111494
0.301614
1.56987
0.701895
0.239082
0.841365
0.593707
*
8.19145e-06
0.673574
0.0884101
0.674551
15.4112
0.372539
0.554277
0.631886
0.196112
*
0.937132
0.780694
0.0372326
-0.027253
1.65716
0.596912
0.574755
0.133854
0.818171
*
0.842011
0.216529
0.119413
0.253334
10.596
-0.179357
0.69393
0.444563
0.592151
*
0.999972
0.290262
0.0451999
-0.741081
14.1502
0.874325
0.515183
0.800073
0.926847
*
0.5915
0.83517
0.00828883
-0.109592
5.51103
0.066744
0.605121
0.99646
0.103336
*
0.482741
0.778283
0.130928
0.601856
0.11475
-0.247353
0.702048
0.823786
0.0849025
*
0
0.880795
0.0536556
0.906919
14.6605
-0.239906
0.16541
0.065157
0.538469
*
0.937437
0.375683
0.0811304
0.638295
7.76818
-0.944273
0.948546
0.931394
0.423658
*
0.67272
0.859493
0.0349783
0.615101
4.26588
0.50029
0.950926
0.949095
0.232154
*
0
0.114566
0.0896797
-0.55443
15.9429
0.37785
0.828974
0.551256
0.967956
*
0.787
0.00128178
0.000777205
0.816645
0.97354
-0.118809
0.0168157
0.631947
0.686575
*
0
0.293161
0.118758
0.0992767
2.07343
-0.354167
0.251198
0.440229
0.655507
*
0.45262
0.0441603
0.0624287
0.144261
10.9104
0.176489
0.740287
0.626514
0.444777
*
0.389237
0.379192
0.0596291
0.0562456
8.00989
-0.303507
0.644551
0.359172
0.90933
*
0.744591
0.24836
0.0175095
-0.725272
5.10514
-0.180822
0.571184
0.692648
0.80575
*
0
0.261544
0.0153406
0.549974
7.80725
0.360149
0.122166
0.291238
0.878933
*
0.333811
0.149327
0.0134241
-0.651906
15.797
-0.760674
0.809534
0.160802
0.71923
*
0.010651
0.676992
0.000541195
-0.915403
19.5441
0.803461
0.107425
0.491653
0.0583209
*
0
0.162572
0.081989
-0.831294
7.41356
-0.897702
0.00485244
0.570971
0.27195
*
0.236766
0.802911
0.095234
0.120151
15.6865
0.106418
0.794305
0.474532
0.533677
*
0
0.794153
0.128406
0.396893
2.91635
-0.249977
0.141942
0.858333
0.753533
*
6.78952e-05
0.332255
0.100691
0.662343
7.46544
0.704581
0.136296
0.395215
0.999786
*
0.387402
0.788934
0.0672099
-0.8211
16.3042
0.942076
0.564653
0.216712
0.556108
###########Epigenome#########
*
0.770623
0.106446
-0.529466
0.015432
4.85672
*
0.987213
0.12143
0.956114
0.0138746
1.41057
*
0.835658
0.198172
0.106418
0.0186785
16.9988
