###in no., in ratio, out no., out ratio, gene no, Epgenetics no.###
4
0.5
2
0.4
50
3
###########Genome#########
*
0.330302
0.856502
0.0415662
0.82403
7.44713
0.958007
0.868343
0.27546
0.903623
*
0.880703
0.580126
0.0347138
0.673879
1.30497
-0.410627
0.86813
0.49733
0.507431
*
0.498917
0.186468
0.0170456
-0.528489
15.573
-0.804743
0.941404
0.497055
0.328867
*
0.535051
0.989319
0.0125045
-0.855647
10.7028
0.775506
0.85461
0.629231
0.293191
*
0.842006
0.537523
0.128035
0.216407
16.9085
-0.811396
0.402631
0.200232
0.308298
*
0.973479
0.277993
0.106961
0.0334178
18.3966
-0.53148
0.90112
0.701041
0.469131
*
0.0449538
0.511643
0.0141728
0.992553
9.36918
0.321268
0.983642
0.436262
0.11124
*
0.830622
0.585528
0.085224
-0.949095
9.28983
0.319803
0.664815
0.610034
0.373363
*
0.306864
0.121036
0.0245003
-0.319559
14.0306
0.66747
0.149724
0.668355
0.720756
*
0.800439
0.589129
0.0647155
-0.461226
9.19889
-0.923338
0.11182
0.390637
0.7416
*
0.873714
0.702017
0.0239265
-0.785882
1.37089
-0.918943
0.228584
0.203742
0.450331
*
0.104923
0.786248
0.0726137
0.594348
13.6515
-0.378338
0.528733
0.17069
0.338023
*
0.141423
0.152837
0.0921659
0.15952
5.96332
0.486618
0.184698
0.524369
0.0556658
*
0.988128
0.257302
0.0119307
0.975646
6.17695
-0.377667
0.232154
0.1095
0.790368
*
0.951964
0.457045
0.0502945
0.459395
16.9848
0.267006
0.196417
0.485855
0.591754
*
0.45088
0.461165
0.0413139
-0.488205
0.447401
0.507431
0.403211
0.697043
0.585406
*
0.316141
0.0555742
0.050559
0.388104
4.8854
0.958617
0.670553
0.843654
0.916318
*
0.598315
0.104038
0.0845444
-0.75866
11.923
-0.224158
0.599506
0.0807215
0.0758995
*
0.234016
0.946379
0.126489
-0.469039
19.4208
-0.347697
0.726737
0.842677
0.465072
*
0.99994
0.906583
0.0250333
-0.986938
15.761
-0.398724
0.840938
0.538682
0.0761437
*
0
0.22544
0.0935169
-0.472762
9.54192
0.297098
0.664052
0.130131
0.157994
*
0.0310373
0.295969
0.0302296
0.102573
18.211
0.282693
0.744102
0.268502
0.393933
*
0.00320444
0.540605
0.0653381
-0.274087
12.0988
-0.276223
0.240577
0.768303
0.334239
*
0.179144
0.102969
0.0499405
0.205786
5.4799
0.489792
0.950835
0.484909
0.761467
*
0
0.99057
0.063686
0.603809
18.927
0.806146
0.542161
0.674001
0.904752
*
0.258156
0.0601825
0.0438449
-0.320231
6.45039
0.453475
0.249214
0.20716
0.738395
*
0.461135
0.296609
0.107307
0.757256
3.62194
0.94525
0.724693
0.118351
0.284677
*
0.674429
0.0344554
0.0818547
0.564867
17.1899
-0.322977
0.292978
0.496353
0.949614
*
0.507218
0.175909
0.0701519
-0.920347
19.1015
-0.47148
0.207099
0.950926
0.482131
*
0.769921
0.754387
0.0104536
0.50969
6.27094
-0.942137
0.643605
0.0166631
0.623676
*
0.951018
0.954619
0.00802026
-0.175451
17.398
0.598193
0.0219428
0.184057
0.447768
*
0.366802
0.567553
0.0266284
-0.752617
17.8436
0.838618
0.525559
0.0173345
0.714316
*
0.190161
0.434584
0.118135
0.815851
19.3323
-0.828364
0.665304
0.9906
0.498337
*
0.26899
0.852412
0.0247892
0.45085
8.90957
0.670888
0.756432
0.291269
0.292123
*
0.362255
0.980529
0.0873603
0.688223
8.61232
-0.563036
0.959899
0.176061
0.832606
*
0.401318
0.805811
0.00847601
0.576647
11.0605
-0.28489
0.79397
0.314768
0.857295
*
0.415437
0.437849
0.018714
0.235511
9.21049
0.923948
0.778039
0.0242622
0.00326548
*
0.259194
0.983001
0.0109826
-0.20304
19.5587
-0.954039
0.338908
0.901212
0.476669
*
0
0.679434
0.0272754
-0.374615
2.08258
-0.328043
0.42375
0.932859
0.266701
*
0.0366527
0.277993
0.0643941
0.634449
18.9227
0.577929
0.732841
0.913419
0.697012
*
0
0.953124
0.0730328
0.494003
13.2823
0.617664
0.439802
0.384442
0.0011597
*
0.960265
0.214423
0.00188401
0.33195
9.89532
-0.698172
0.202612
0.216773
0.118107
*
0.721335
0.510056
0.0949004
-0.10593
15.8184
-0.354045
0.515336
0.34312
0.87701
*
0.553056
0.173437
0.0627176
0.985656
7.37632
-0.590075
0.267617
0.880978
0.420881
*
0.91409
0.853359
0.0506241
-0.971252
1.27934
-0.645802
0.0416578
0.576678
0.793298
*
0
0.304575
0.105325
0.849483
12.3222
0.352397
0.137486
0.0392773
0.991272
*
0.707144
0.132603
0.00152186
-0.711295
18.9434
0.196692
0.599231
0.625019
0.685659
*
0.998266
0.667135
0.0106082
-0.370525
1.92389
0.441633
0.37843
0.198492
0.761925
*
0.0251902
0.240394
0.126412
0.363262
10.0638
-0.909116
0.992859
0.985229
0.225166
*
0.636708
0.19602
0.0670186
0.837519
8.95291
0.55974
0.352672
0.320872
0.888882
###########Epigenome#########
*
0.228584
0.101502
0.0567949
0.0126981
17.6397
*
0.405774
0.170925
0.895871
0.0156297
8.97549
*
0.646229
0.152962
0.875729
0.0135426
11.608
