###in no., in ratio, out no., out ratio, gene no, Epgenetics no.###
16
0.5
8
0.4
100
10
###########Genome#########
*
0.857956
0.918729
0.0723533
-0.943358
13.6155
0.113559
0.787896
0.38255
0.29017
*
5.7869e-05
0.137761
0.100276
0.622913
15.6639
-0.565966
0.518601
0.509018
0.428114
*
1
0.309458
0.12351
-0.174352
14.4597
-0.348613
0.678976
0.773034
0.553179
*
0
0.339305
0.106978
-0.177343
9.76531
-0.360637
0.247719
0.611042
0.735099
*
0
0.536699
0.00872016
0.941954
8.19239
0.73571
0.458296
0.804407
0.561541
*
0.00548618
0.538804
0.0594663
-0.643117
14.6782
-0.494369
0.687704
0.564562
0.0339061
*
0
0.13947
0.106306
0.854854
4.70168
0.675832
0.180548
0.694815
0.258919
*
0
0.397534
0.00332855
-0.132542
13.817
-0.741264
0.412214
0.394726
0.642872
*
0.00912894
0.963378
0.0829412
0.662954
7.0687
-0.173254
0.9035
0.759728
0.746544
*
1
0.966887
0.0803003
-0.981201
16.9176
-0.554247
0.660665
0.660695
0.631977
*
0.149894
0.701376
0.127278
-0.230506
15.7518
0.468307
0.836787
0.492904
0.105075
*
0.0191632
0.224219
0.0491511
0.714652
5.50676
-0.401593
0.69924
0.267739
0.975646
*
0.490458
0.564348
0.0977488
-0.457686
0.0970489
0.202795
0.585589
0.563005
0.161412
*
0.458006
0.271126
0.102778
0.600818
13.574
-0.675283
0.644612
0.170171
0.364849
*
0
0.754906
0.0637552
-0.525742
5.56475
0.538133
0.249733
0.250893
0.979125
*
0.0265426
0.440168
0.110444
-0.161473
9.73052
0.0274972
0.585437
0.910978
0.885861
*
0
0.225257
0.0952788
0.627247
16.762
0.593188
0.238563
0.36314
0.60268
*
0.69742
0.887722
0.00639261
-0.0701621
11.9016
-0.340678
0.825587
0.387341
0.440016
*
0.36901
0.55913
0.0470677
0.596545
0.305795
0.0693075
0.596942
0.706565
0.652425
*
0
0.423811
0.0154627
-0.241493
9.16776
0.138218
0.0233772
0.169378
0.0933866
*
0
0.190283
0.0928821
0.109775
17.0946
0.420942
0.212134
0.654683
0.553056
*
0
0.0606708
0.0124434
-0.922544
19.6063
-0.491745
0.255379
0.622059
0.650746
*
0.738621
0.686453
0.0955433
0.337504
1.91595
-0.989196
0.760949
0.543535
0.948546
*
0
0.919248
0.114925
-0.668325
7.33665
-0.722221
0.0417798
0.407544
0.780755
*
0
0.646931
0.104691
-0.48619
3.76049
-0.465682
0.393445
0.871334
0.376354
*
0
0.154698
0.104455
0.602222
10.8957
-0.0013123
0.427686
0.561998
0.048677
*
0.99768
0.354717
0.0277841
-0.931028
6.51326
-0.531663
0.762688
0.83694
0.23722
*
0.896094
0.0299692
0.00668966
-0.204077
10.5576
-0.147618
0.767571
0.857234
0.70983
*
0.0396037
0.239021
0.115287
0.624378
4.94034
0.473678
0.694143
0.265145
0.419904
*
0
0.58797
0.107527
-0.123386
11.8375
0.366497
0.109439
0.845546
0.680166
*
0.000836767
0.373516
0.10797
0.373028
18.858
-0.0818812
0.588214
0.810053
0.820215
*
0.000400832
0.953276
0.112642
0.564013
13.8609
-0.85461
0.800287
0.853267
0.527177
*
0
0.0927763
0.0758894
-0.402509
14.5238
-0.283609
0.176305
0.0155339
0.501205
*
0.0808839
0.802515
0.123409
-0.114109
6.68722
-0.700308
0.845027
0.732109
0.370128
*
5.11405e-08
0.541673
0.107104
0.765374
11.3327
0.804193
0.751488
0.226661
0.138035
*
1
0.163854
0.0266569
-0.953612
17.8051
0.355876
0.681539
0.217292
0.951079
*
0
0.360363
0.088288
-0.834468
5.65264
-0.588061
0.18421
0.740501
0.395642
*
0
0.71511
0.10664
0.39433
13.2383
0.0655843
0.0208136
0.892972
0.257271
*
0
0.037904
0.0201829
-0.510239
18.4741
-0.191626
0.336863
0.123814
0.376782
*
0
0.987335
0.0836492
-0.974731
18.0187
-0.0144963
0.320719
0.506424
0.944121
*
0.251624
0.463607
0.0538631
0.0782189
8.33094
-0.397992
0.816156
0.969878
0.79516
*
0.0152026
0.309458
0.0318695
0.326212
12.786
-0.275796
0.96881
0.855159
0.969024
*
0
0.669973
0.0648661
-0.310587
13.4806
-0.844111
0.123844
0.691153
0.822565
*
0
0.306406
0.106229
0.687551
4.53444
-0.436262
0.494308
0.0892666
0.735862
*
0.954308
0.316874
0.0530615
0.110935
17.6818
-0.55974
0.672903
0.170598
0.717826
*
0
0.355327
0.104259
0.0326853
3.01462
-0.413617
0.449629
0.327769
0.0409558
*
4.42084e-05
0.833399
0.123006
0.339824
17.3644
-0.927305
0.871364
0.831385
0.273568
*
0.342359
0.13303
0.0278207
0.197363
3.3076
0.892941
0.970244
0.736198
0.180578
*
0.98897
0.876614
0.0313527
-0.6704
10.3916
0.123814
0.898984
0.222449
0.196265
*
7.30321e-06
0.289285
0.0323374
0.350444
10.9372
0.318644
0.640187
0.683645
0.320994
*
0.426373
0.600269
0.00357677
0.243507
1.2183
0.585559
0.878414
0.873592
0.633015
*
0.950078
0.601733
0.0180344
-0.361553
8.14844
-0.523484
0.899777
0.818445
0.534867
*
0
0.256722
0.116223
-0.69628
16.1248
-0.432661
0.427229
0.549242
0.936277
*
5.7044e-05
0.76751
0.133297
0.483993
10.1602
-0.487167
0.73516
0.569658
0.798944
*
0.586058
0.123936
0.0679423
-0.786798
0.441908
0.708243
0.950774
0.942717
0.368114
*
0
0.258003
0.0645934
0.330973
12.0914
0.633229
0.162572
0.697104
0.541063
*
0
0.0916166
0.109366
-0.660085
5.03128
0.439253
0.122471
0.172704
0.548143
*
4.91524e-10
0.225837
0.0784773
0.424055
19.1302
-0.194617
0.543748
0.592883
0.0315561
*
1.33394e-06
0.888028
0.0999908
0.459883
19.1717
-0.922361
0.738121
0.0662862
0.594653
*
0.954805
0.345408
0.0797835
-0.880245
11.6599
0.942381
0.717307
0.964782
0.365978
*
0
0.193518
0.124874
0.891842
9.84893
-0.836909
0.114109
0.787378
0.190069
*
0
0.995422
0.105354
0.505478
17.5787
-0.674306
0.109073
0.706412
0.546342
*
0
0.258156
0.114786
0.846431
10.1901
-0.0671712
0.270425
0.720847
0.26426
*
0
0.878323
0.118998
0.237587
4.01624
-0.521592
0.384503
0.309915
0.906308
*
0
0.263924
0.0992747
-0.185522
1.33854
-0.541795
0.0734275
0.329325
0.696066
*
0
0.962951
0.113334
0.485397
17.6385
0.61858
0.00680563
0.927427
0.694571
*
0.298653
0.28428
0.126412
0.80871
1.49052
-0.175756
0.906796
0.517777
0.137516
*
0.0381588
0.462264
0.0694927
0.96765
2.92306
-0.942869
0.867061
0.511734
0.350444
*
0
0.785974
0.115433
0.847346
2.884
0.813227
0.455214
0.443312
0.443587
*
0.039712
0.576983
0.112503
0.452864
13.9097
-0.181616
0.751885
0.962737
0.222449
*
0
0.720573
0.0673849
0.820246
17.1252
-0.340678
0.431898
0.361187
0.800256
*
0
0.308969
0.0846421
-0.332377
8.18567
0.0628376
0.0761437
0.314615
0.039613
*
0
0.0923795
0.0300506
0.939817
11.7209
0.107822
0.261635
0.266884
0.884732
*
0
0.982757
0.100048
0.549974
1.48198
-0.971374
0.381603
0.686483
0.57561
*
0
0.464064
0.0140467
0.568712
1.27934
-0.796686
0.00402844
0.930662
0.717368
*
5.75792e-11
0.986785
0.0938017
0.777459
17.705
0.7575
0.625477
0.512009
0.627705
*
0.30795
0.560717
0.10596
-0.696341
3.82702
-0.437239
0.7322
0.130772
0.0216376
*
0.0478406
0.23835
0.0427747
-0.415448
9.01578
-0.0795618
0.740593
0.625477
0.629902
*
0
0.524064
0.0532487
-0.119785
16.0772
-0.175939
0.277505
0.87521
0.0875881
*
0
0.0322886
0.0804264
0.417951
7.12546
0.495956
0.234748
0.263222
0.968444
*
0
0.324595
0.0231941
-0.0177923
16.4879
0.813715
0.174108
0.545274
0.530045
*
0
0.753014
0.101382
-0.0843226
17.9809
0.586718
0.290536
0.16364
0.580309
*
7.5116e-07
0.906735
0.112125
0.265175
15.7054
-0.661855
0.713004
0.656301
0.290506
*
3.03825e-06
0.699667
0.00133875
0.943602
13.4635
-0.640675
0.60921
0.367046
0.216712
*
0.000565628
0.697623
0.0728456
0.659169
11.3437
0.0671712
0.827052
0.107303
0.0284127
*
0
0.041963
0.122672
0.422407
4.09558
-0.114353
0.429731
0.588916
0.609821
*
0
0.874111
0.103999
0.368999
6.35273
-0.796808
0.386517
0.522721
0.303629
*
0
0.077456
0.0992747
-0.886715
9.50652
-0.930113
0.100284
0.0232856
0.799036
*
0
0.0524613
0.0276131
0.380169
19.6081
-0.00778222
0.0339061
0.30192
0.953276
*
0
0.383038
0.0504817
-0.177587
5.8095
-0.452315
0.0656148
0.802026
0.900296
*
0
0.983825
0.0780216
0.526902
16.2188
0.202551
0.236213
0.200964
0.520615
*
0
0.67684
0.0194993
-0.893918
1.43864
0.879696
0.417127
0.733116
0.269234
*
0
0.477706
0.0316497
-0.599231
13.6558
-0.836726
0.310984
0.0780358
0.490585
*
0.113793
0.951384
0.0396537
0.364971
2.54769
0.132054
0.86935
0.172857
0.294778
*
0
0.440931
0.131425
0.585376
14.6751
0.947325
0.309061
0.909757
0.301828
*
0.0049969
0.348796
0.0256559
0.303262
17.4566
-0.536668
0.863338
0.978179
0.457778
*
0
0.715964
0.098233
-0.57622
17.9815
0.0672933
0.0746483
0.88992
0.661916
*
0
0.599414
0.0129195
-0.857173
2.27119
0.588183
0.181768
0.0559709
0.631184
*
2.58077e-05
0.353099
0.0919258
0.841365
15.2757
-0.175573
0.825678
0.681112
0.790796
*
0
0.240211
0.0342825
0.557909
12.2575
-0.973327
0.455061
0.319071
0.0791345
###########Epigenome#########
*
0.2154
0.200992
-0.0747398
0.0169265
13.1578
*
0.804224
0.15577
-0.917295
0.0179388
0.726951
*
0.566301
0.184359
-0.192175
0.0125306
19.1858
*
0.178228
0.293139
0.749382
0.0141203
4.89944
*
0.370281
0.188455
0.811579
0.0193426
0.376598
*
0.749596
0.193905
-0.165624
0.0139497
11.9181
*
0.167699
0.191971
-0.753777
0.0195077
16.7083
*
0.741722
0.174233
-0.245705
0.0107611
6.87033
*
0.414899
0.154903
0.0122379
0.0193481
7.51793
*
0.00607318
0.22233
-0.853511
0.0175594
10.2493
