36.22 36.43 38.33 30.44 39.98 28.29 19.43 21.58 22.55 24.26 37.45 22.22 34.05 37.48 16.02 22.29 33.28 19.5 19.17 30.43 29.23 17.14 34.41 29.17 21.18 32.3 19.34 20.42 26.27 15.19 18.46 27.04 35.36 32.36 35.08 22.16 
26.44 40.04 28.23 24.44 37.55 22.23 20.64 32.76 26.65 28.22 52.45 24.28 18.43 51.26 24.29 40.06 45.47 13.38 22.18 34.23 26.46 24.22 40.68 29.55 16.24 34.5 34.38 34.22 25.23 18.22 34.24 32.05 27.39 31.4 41.77 22.16 
28.44 42.43 19.19 32.51 40.44 29.23 31.31 27.16 19.96 21.43 50.44 28.22 20.1 52.48 16.35 24.46 43.22 11.54 30.22 40.3 28.46 26.23 31.45 14.83 15.7 27.32 27.46 32.22 34.44 20.2 38.23 26.45 31.32 30.25 46.37 24.12 
23.43 37.98 20.2 38.29 35.8 18.15 31.51 37.25 25.47 26.44 33.45 22.22 26.48 54.37 16.59 22.85 34.51 8.62 22.22 28.42 19.45 15.2 30.45 33.03 24.94 35.25 23.75 24.22 24.43 22.22 22.46 31.04 21.23 25.32 27.25 21.68 
26.44 40.52 23.21 36.52 45.04 21.25 28.27 25.12 29.06 22.41 34.51 32.31 32.51 40.54 26.24 29.44 26.75 14.86 36.28 48.31 20.44 30.5 44.34 25.31 26.51 26.4 30.28 28.22 34.49 16.18 28.3 25 29.33 21.4 26.64 19.45 
26.44 38.43 23.21 32.23 20.8 29.58 19.54 32.51 22.84 23.43 50.78 28.22 35.2 42.49 22.78 25.5 42.52 18.45 28.22 20.01 22.46 20.44 28.44 32.45 29.2 32.71 33.93 42.22 28.43 22.22 24.91 23.33 27.24 24.99 43.03 18.03 
34.22 31.23 20.12 20.47 31.24 32.33 26.55 46.87 24.86 26.22 38.23 15.55 23.47 30.47 11.37 29.46 37.26 16.16 24.18 34.43 28.22 38.44 44.35 25.23 24.65 39.16 19.42 26.22 38.23 19.16 26.44 30.45 28.34 18.5 25.66 21.34 
26.44 31.38 19.21 33.23 36.39 18.29 25.56 32.31 18.17 22.41 39.25 11.55 27.49 38.35 19.37 25.51 36.28 15.18 22.18 36.23 24.46 23.24 36.45 19.68 28.32 31.45 19.5 30.22 23.23 20.22 25.04 21.33 23.08 20.34 32.4 17.11 
26.44 35.38 24.17 24.51 33.38 26.13 19.11 35.2 19.39 21.43 49.34 15.55 23.47 49.38 27.38 24.92 37.1 28.12 28.22 34.3 26.46 30.44 39.54 28.49 16.23 34.78 19.28 28.22 22.43 22.22 25.47 21.33 17.08 20.34 35.08 19.11 
28.44 57.45 40.23 32.23 58.26 30.44 34.05 42.25 17.91 28.22 49.24 30.22 18.43 37.45 18.43 27.49 43.82 23.23 21.16 24.01 33.23 30.44 44.48 32.24 22.45 34.28 21.3 28.22 42.65 18.22 22.41 37.04 26.26 30.67 26.37 23.28 
26.44 40.43 26.17 17.74 34.01 18.23 28.6 40.74 19.95 30.22 42.45 32.22 25.47 44.49 19.36 25.18 33.13 23.1 20.18 31.29 24.46 37.34 31.61 31.44 29.04 30.05 29.39 32.22 31.23 22.2 18.87 37.55 8.65 28.32 30.2 29.15 
30.28 28.43 21.17 32.31 28.44 27.32 19.48 34.41 28.27 30.23 36.29 24.22 26.24 29.47 16.37 18.42 37.29 22.18 18.22 44.53 25.47 15.14 44.49 23.22 18.41 29.46 20.42 20.42 20.28 18.12 26.5 34.32 18.29 22.48 30.11 17.03 
24.26 39.38 17.19 29.28 37.6 28.28 33.72 26.62 18.48 32.28 51.34 15.55 20.41 40.31 29.29 24.46 21.3 28.37 22.18 25.42 22.46 28.81 25.28 22.49 27.02 37.21 26.42 30.22 28.98 26.27 25.47 31.02 24.24 24.39 24.07 19.11 
36.22 46.54 20.22 36.44 34.54 20.22 27.24 28.35 30.26 40.23 56.24 21.55 28.44 42.45 24.33 33.46 36.29 27.35 28.22 34.43 24.46 23.45 33.46 34.55 29.46 26.67 28.32 23.43 35.24 16.2 19.47 29.02 22.29 26.35 21.35 29.17 
28.22 34.07 17.19 42.24 39.01 30.32 32.79 40.74 24.84 23.43 40.45 24.22 37.7 41.51 21.23 25.7 34.48 28.26 30.22 27.41 29.23 15.86 36.45 29.24 16.18 36.22 18.62 32.22 39.69 28.23 18.41 40.71 24.24 26.29 35.73 19.25 
41.02 23.4 18.22 36.28 34.47 23.44 25.26 27.46 16.46 31 40.44 22.22 31.04 46.37 29.24 16.77 35.78 26.44 15.17 39.23 33.23 19.21 33 26.24 21.16 25.08 30.16 26.44 35.98 15.19 24.23 30.05 17.22 23.49 40.06 25.34 
26.44 38.43 32.23 20.47 28.64 20.24 27.36 18.82 31.07 26.22 51.24 34.22 28.23 40.49 26.35 26.43 41.23 17.5 22.18 27.43 24.46 20.22 27.47 29.44 32.45 35.58 23.45 32.22 46.24 27.3 21.47 32.45 17.51 23.45 34.67 22.06 
26.44 32.07 26.17 20.52 44.04 26.33 19.28 30.04 24.07 28.22 49.34 20.22 19.47 42.48 22.96 26.16 32.08 23.08 22.18 32.31 29.23 27.24 25.45 24.49 31.68 38.45 21.41 26.22 27.23 18.2 25.47 27.45 30.53 29.34 24.65 15.26 
22.41 26.43 16.2 31.54 26.66 19.45 22.71 27.47 23.44 31 41.45 24.22 35.02 47.35 27.18 33.01 47.31 24.19 15.17 26.28 27.23 23.01 28.46 28.18 19.44 30.22 24.43 20.42 18.28 15.19 22.46 20.32 21.23 28.54 27.36 18.17 
21.43 47.34 30.29 20.8 35.68 24.63 30.74 43.58 32.53 53.04 46.51 18.56 32.17 35.45 18.47 33.01 31.22 19.08 18.22 28.42 25.47 15.14 41.28 15.77 25.98 36.43 35.31 18.42 13.49 34.29 30.3 33.67 20.5 24.15 16.98 28.41 
32.22 34.43 30.28 28.48 44.26 27.29 34.65 38.27 25.31 26.22 48.5 20.22 32.24 34.85 22.23 27.15 44.25 25.86 20.18 26.79 31.23 26.23 38.35 28.44 28.19 18.73 21.19 26.41 42.99 30.23 38.29 52.27 17.16 36.31 31.46 21.26 
30.22 30.37 22.22 23.4 26.53 20.17 25.22 29.34 18.98 20.42 42.44 12.54 20.46 34.45 20.17 27.31 41.39 11.49 19.17 30.43 23.45 23.21 30.45 22.38 29.52 35.36 31.41 26.44 39.3 17.19 30.23 27.51 25.19 21.29 27.37 20.9 
38.22 44.43 19.19 30.24 34.16 30.18 32.69 33.43 29.5 30.28 41.23 30.22 23.47 44.48 28.24 27 36.5 24.26 24.22 30.43 22.46 33.01 31.45 28.45 26.22 36.68 30.27 25.43 32.97 22.2 35.02 32.8 16.22 29.24 33.04 32.26 
23.43 25.96 22.2 32.44 26.24 30.12 24.7 33.56 18.17 18.42 46.33 14.22 26.48 35.55 24.24 26.14 34.36 20.18 26.22 40.23 28.23 23.21 36.45 25.48 19.46 39.25 21.41 22.22 24.43 20.22 22.46 22.32 21.23 29.33 21.33 15.24 
30.22 32.43 22.2 27.24 46.37 18.18 30.26 44.39 29.22 22.26 49.46 24.22 25.42 42.34 11.56 30.29 29.46 18.54 15.17 24.43 27.29 32.27 28.44 30.41 20.48 26.51 19.49 34.22 50.29 23.23 18.89 34.5 20.17 26.09 20.13 17.09 
28.44 36.43 17.19 30.32 34.48 23.24 21.49 42.27 24.06 25.43 48.53 26.22 25.24 38.4 17.14 29.17 40.43 19.16 28.22 25.43 33.23 26.44 27.46 27.24 18.25 31.05 24.43 34.22 36.23 28.31 34.32 35.25 24.33 31.07 37.28 18.17 
23.43 40.23 26.31 26.74 37.25 25.24 22.97 32.45 30.78 26.44 44.53 18.56 23.4 30.46 24.64 21.8 20.46 21.25 19.17 37.31 28.22 17.21 35.27 28.24 25.93 29.18 21.16 26.44 35.98 23.3 34.32 33.81 21.23 31.34 25.82 19.25 
30.22 41 29.32 27.24 36.32 23.17 27.04 27.83 20.06 23.43 45.33 17.55 36.45 33.54 14.29 22.65 46.58 16.6 32.22 27.41 26.46 26.44 39.25 23.23 22.36 18.79 28.04 25.43 26.43 30.23 19.45 25 15.89 30.39 33.38 26.18 
20.42 40.28 31.31 28.48 39.11 23.24 22.21 33.12 27.08 30.22 47.32 17.55 35.24 35.46 21.31 23.38 41.32 15.52 20.18 32.99 25.09 26.44 28.93 27.02 27.16 32.75 31.31 23.43 42.23 23.16 23.3 36.25 24.24 26.35 26.58 16.39 
30.22 46.23 22.2 31.51 42.32 27.6 30.57 43.55 31.64 27.09 40.33 24.22 26.48 33.47 20.59 26.45 31.43 18.56 19.17 32.42 21.45 36.96 36.39 30.17 29.17 36.4 31.16 18.42 16.28 17.19 22.46 35.17 34.3 31.36 35 26.31 
32.22 33.23 26.12 27.24 36.55 22.75 25.42 25.05 27.7 28.22 42.16 17.55 27.47 46.2 23.33 27.49 27.47 15.52 24.18 32.43 28.22 24.44 33.45 21.4 24.47 33.25 19.42 23.43 32.23 29.23 31.95 31.34 35.32 26.97 17.24 19.09 
28.44 35.38 23.21 38.44 36.39 34.31 31.44 39.42 23.31 24.22 38.45 15.55 28.24 47.34 11.58 21.5 39.35 21.41 20.18 46.23 24.46 22.22 41.24 22.49 16.24 27.17 26.45 28.22 30.23 28.22 30.23 31.25 31.24 25.16 25.1 25.09 
30.22 28.43 26.29 24.69 41.57 19.45 22.71 37.59 21.28 27 46.51 22.22 25.01 49.08 18.02 22.81 52.02 19.25 17.17 28.43 29.23 21.23 33.27 22.42 18.17 32.08 25.7 20.42 16.28 17.19 30.3 23.02 28.33 26.27 31.94 17.15 
30.22 26.43 18.2 27.66 29.62 18.17 29.46 25.35 23.26 41.01 42.24 18.22 27.22 34.25 12.57 26.23 33.29 24.22 15.17 36.23 23.29 26.22 34.67 26.63 24.22 28.49 29.44 22.22 21 15.19 30.03 24.02 27.37 31.18 28.27 22.28 
32.22 25.4 31.28 27.47 31.02 20.02 31.14 26.13 16.79 18.42 29.41 18.22 20.46 31.46 15.52 28.65 46.37 23.24 22.22 47.34 33.23 22.37 33.48 32.29 25.2 30.31 22.16 18.42 22.43 17.19 20.47 24.65 29.34 27.51 38.69 23.36 
30.28 27.35 27.51 39.72 51.64 21.44 25.9 37.81 18.17 29 48.3 15.52 37.04 43.35 30.11 22.24 31.07 18.12 17.17 28.49 19.45 15.14 22.38 19.42 25.19 32.43 19.44 20.42 16.28 16.12 20.46 37.05 25.37 21.36 30.91 28.38 
26.44 32.52 29.3 33.53 37.03 23.31 30.35 26.05 26.35 23.43 32.42 30.31 19.45 44.33 24.53 29.17 40.26 24.45 32.22 39.44 20.44 24.24 31.32 19.4 21.38 28.41 29.47 21.43 24.43 32.31 31.31 28.25 26.24 24.23 31.96 24.06 
36.22 60.46 17.19 32.44 40.66 16.56 27.59 31.39 26.89 26.22 48.74 36.22 15.49 38.95 26.43 19.47 46.98 32.26 22.18 32.43 26.46 22.89 38.46 26.92 16.8 35.98 21.8 28.22 35.1 22.2 18.87 33.11 8.65 32.96 25.33 19.25 
34.28 31.35 30.29 23.46 39.37 25.29 26.69 37.39 16.24 30.23 50.32 15.52 32.25 43.53 21.09 32 33.27 21.12 22.22 28.49 35.36 22.24 38.44 19.42 27.4 27.45 26.25 20.42 20.28 18.12 24.46 20.32 23.37 30.18 30.13 20.37 
30.22 26.43 18.2 29.51 28.73 30.56 28.45 39.65 23.42 33 46.33 20.22 19.21 43.35 21.29 31.34 43.32 25.04 17.17 30.42 25.29 20.01 28.5 28.22 19.46 28.42 21.41 26.44 35.63 15.19 22.46 18.06 19.16 30.29 31.99 21.21 
36.22 43.24 24.17 26.24 31.04 21.79 34.05 31.07 23.82 22.41 43.06 28.22 32.45 37.01 10.98 22.44 36.5 23.62 28.22 32.43 36.23 24.44 46.25 26.44 16.22 37.28 32.51 32.22 24.43 22.2 22.43 40.46 19.23 18.41 46.48 31.25 
32.28 25.97 32.31 29.51 32.55 21.5 27.98 23.21 25.18 27.09 50.32 16.22 27.31 42.34 12.51 19.42 34.09 17.86 15.17 40.5 22.23 15.21 34.51 23.4 22.77 26.63 25.43 26.44 33.98 15.19 18.46 27.31 21.23 25.5 37.19 20.17 
30.22 55.01 20.12 26.46 47.31 19.22 26.49 34.45 20.72 40.23 32.42 22.28 26.9 40.98 18.97 29.69 34.91 20.22 28.22 27.67 22.44 23.16 37.46 40.3 29.9 22.06 24.78 23.43 46.77 20.2 30.96 40.79 29.26 24.79 42.76 21.15 
25.43 35.98 34.29 26.9 41.13 30.12 35.52 29.34 18.17 18.42 46.3 20.56 33.32 35.34 12.58 18.49 39.35 18.54 24.22 34.23 34.39 15.14 28.4 19.42 11.48 38.28 19.44 18.42 18.43 18.22 22.46 23.31 18.24 22.33 22.19 19.09 
26.41 31.29 26.23 40.3 36.09 30.59 26.5 32.36 29.46 18.42 40.24 8.61 26.48 48.57 18.53 27.14 43.46 11.54 28.22 30.28 19.45 19.21 32.5 33.3 21.24 26.15 30.17 26.22 20.43 28.29 25.54 24.08 24.23 31.34 31.15 24.21 
25.43 25.96 22.2 26.44 41.52 27.28 25.45 34.48 29.85 22.26 42.76 14.22 27.43 33.98 21.13 24.98 39.31 12.4 19.17 34.23 24.41 23.21 42.45 25.49 15.83 36.94 26.84 34.22 35.98 18.22 16.89 27.8 23.68 23.72 22.14 25.34 
25.43 35.29 28.23 25.83 25.79 27.11 24.69 27.03 22.15 20.42 48.45 8.61 29.04 40.34 18.22 25.42 34.09 15.73 26.22 35.3 19.45 19.21 24.31 27.49 28.35 31.34 21.42 26.22 18.43 23.21 32.24 12.07 21.25 26.27 22.77 20.75 
21.43 32.37 28.29 33.29 40.54 23.31 19.42 35.63 26.91 32.23 56.34 12.54 18.46 44.69 25.26 28.61 28.22 19.07 22.22 31.29 23.45 26.24 35.51 23.31 22.6 38.43 23.26 30.28 38.45 17.19 38.3 34.46 23.23 24.36 30.52 23.26 
26.44 35.38 35.3 36.44 58.43 26.3 30.44 44.63 26.24 26.22 45.31 11.55 25.24 42.54 23.38 21.5 42.52 20.4 20.18 48.23 24.46 22.22 42.17 27.42 23.18 32.18 31.34 21.43 23.23 22.22 23.47 31.33 26.08 27.16 21.18 21.09 
