36.22 36.43 37.28 43.05 37.45 23.49 33.06 30.46 17.3 38.23 27.42 22.22 30.24 30.51 13.3 33.2 30.47 13.78 12.22 32.43 31.47 27.23 37.27 23.45 38.18 41.44 28.4 30.44 28.3 15.19 34.3 36.25 19.23 36.12 21.14 32.88 
21.43 26.43 26.22 32.3 34.45 27.25 23.26 26.76 25 37.29 32.43 24.22 27.5 50.06 23.53 23.5 41.36 20.54 27.19 30.43 36.44 29.42 36.34 30.24 22.7 24.54 19.68 34.22 24.3 14.22 28.63 47.23 13.91 26.95 21.89 27.07 
23.43 40.23 12.98 32.24 39.17 9.63 32.03 25 29.05 26.44 36.31 30.44 29.45 45.27 21.63 31.72 36.28 16.38 9.63 41.31 12.36 24.31 34.42 12.36 13.5 30.41 33.4 26.44 32.52 21.3 42.32 40.53 15.22 32.51 26.33 15.04 
23.43 34.22 16.22 38.3 32.24 9.63 34.24 32.18 32.27 26.44 28.44 26.22 26.48 24.34 26.25 27.28 37.44 20.54 25.19 28.43 32.23 27.23 30.46 31.04 23.9 32.25 31.17 38.23 36.31 22.22 32.48 33.33 21.23 41.37 40.36 21.25 
30.22 40.23 34.32 25.48 38.25 24.53 29.36 27.82 29.14 26.44 30.31 36.44 32.45 31.54 29.94 18.65 35.7 37.17 36.22 34.43 22.22 22.43 45.37 17.47 25.37 43.31 28.22 30.44 42.44 21.19 39.33 37.67 17.22 39.56 39.69 25.26 
21.43 36.22 31.23 22.51 42.45 21.24 26.25 42.48 23.27 35.23 34.43 30.43 31.24 25.44 33.44 27.96 24.64 26.65 28.22 32.3 33.23 23.23 41.06 19.44 24.44 23.27 24.43 42.22 28.3 18.22 35.24 43.25 15.23 32.52 26.14 34.88 
22.41 21.97 32.31 26.29 31.6 32.61 31.6 29.31 29.63 29.09 36.31 14.22 35.97 33.54 29.75 26.91 20.47 20.18 20.22 34.43 14.26 38.96 38.47 17.47 31.89 34.41 33.48 26.44 43.17 13.19 28.48 38.18 27.69 27.23 22.88 23.18 
22.41 30.22 34.32 18.51 35.83 25.12 25.5 30.35 9.63 27.09 34.31 23.9 31.27 30.26 15.96 17.68 36.69 24.27 34.22 36.3 29.47 25.23 30.47 27.42 34.29 32.25 27.44 28.44 28.43 20.28 26.48 26.34 15.23 29.23 31.48 9.63 
26.22 23.97 28.22 26.45 32.81 26.32 31.43 29.74 18.03 26.44 40.31 12.22 28.48 31.32 26.24 22.28 28.33 23.18 40.31 36.24 39.8 38.53 38.47 26.01 40.48 45.28 22.72 28.44 34.52 24.23 28.84 28.73 11.67 24.94 20.18 26.71 
23.43 36.23 14.18 36.44 36.01 22.22 42.48 47.77 27.23 28.44 44.31 16.54 18.81 44.53 22.58 23.53 40.07 29.83 36.31 40.23 20.22 29.23 42.48 31.42 31.38 46.22 29.44 26.44 32.52 14.22 28.52 26.54 29.26 26.36 28.4 31.7 
24.22 38.37 9.63 26.45 31.39 29.33 30.12 31.21 30.26 30.44 32.31 12.54 13.9 28.52 33.39 23.52 36.49 23.33 34.22 38.24 40.38 39.33 35.19 26.5 29.17 40.26 27.23 30.44 36.43 24.23 38.32 39.54 25.25 42.41 41.42 21.11 
30.22 28.43 18.22 34.44 34.46 28.14 21.21 25.66 31.42 30.44 40.44 24.22 19.29 29.35 16.43 30.63 33.43 34.29 30.22 40.23 25.47 25.23 30.44 21.28 14.92 25.49 19.42 42.23 32.43 18.12 36.45 47.06 25.23 47.23 38.86 27.05 
25.43 27.4 14.22 29.48 41.24 34.7 27.32 21.02 33.77 28.44 28.44 16.22 42.21 22.19 25.37 25.39 36.69 22.54 27.19 30.43 37.23 27.23 22.24 28.02 24.99 23.01 26.79 32.23 27.23 18.22 34.45 30.34 17.22 37.72 54.27 20.33 
37.5 25.97 27.03 34.44 26.62 9.63 25.85 23.95 9.63 30.44 31.42 16.54 18.81 39.8 22.52 17.2 36.54 19.12 9.63 35.71 29.47 38.35 37.74 15.75 29 36.41 30.18 28.44 30.31 9.63 31.59 34.41 9.63 34.25 18.87 28.19 
28.22 32.37 14.22 30.42 40.39 21.17 35.73 38.2 13.16 38.23 26.44 12.54 22.44 31.53 12.57 12.36 37.29 18.11 30.22 32.43 38.38 42.24 39.52 27.28 27.04 38.79 24.64 34.23 26.3 36.3 41.33 40.45 22.36 30.36 36.12 17.1 
41.02 23.4 34.32 37.06 26.45 29.12 18.51 32.97 22.26 30.44 36.31 22.22 14.81 44.54 26.24 26.53 41.76 15.78 34.22 39.23 33.31 29.23 33 17.43 33.24 26.4 31.4 26.44 32.43 15.19 46.33 30.34 17.22 39.34 38.54 17.85 
26.22 38.43 24.22 27.24 33.24 27.14 24.04 32.85 24.16 29.09 32.43 34.22 28.48 32.34 29.44 19.44 23.55 28.19 36.22 32.43 37.23 30.44 32.47 30.03 31.24 32.68 32.16 32.22 28.43 28.23 26.48 28.65 18.44 38.37 34.38 20.25 
21.43 30.22 9.63 24.51 24.01 27.12 25.34 25.63 23.14 28.44 38.31 26.22 27.36 24.24 21.54 17.62 41.57 18.53 36.22 36.3 34.23 27.23 40.07 29.42 29.18 30.02 26.43 26.44 32.43 19.3 28.84 38.45 19.23 30.51 25.45 32.98 
22.41 26.43 26.22 33.23 27.26 16.03 21.28 22.75 26.74 39.29 38.43 24.22 25.5 41 24.38 16.71 42.24 21.82 25.19 43.02 32.41 39.52 35.04 16.78 32.32 34.64 35.36 40.22 28.3 15.19 33.13 52.75 21.23 31.06 49.86 13.16 
21.43 25.97 31.29 24.51 31.06 13.41 26.06 31.96 24.28 26.44 23.42 26.22 23.4 20.37 17.96 19.68 22.75 21.45 50.31 32.3 36.05 40.34 35.06 26.17 37.28 38.81 17.22 28.44 46.52 17.3 24.48 36.55 13.65 31.8 28.73 28.46 
32.22 32.22 28.22 30.44 26.01 14.74 25.15 32.56 25.98 26.44 30.43 24.22 26.48 21.77 27.34 14.52 27.19 32.55 36.31 42.23 36.23 36.53 41.25 20.44 34.34 30.07 30.77 40.22 36.52 17.19 31.13 54.77 27.24 46.03 44.57 13.65 
30.22 32.23 38.31 30.29 28.45 24.03 17.51 38.29 18.17 38.23 38.31 12.54 20.44 35.33 24.24 12.36 35.29 15.52 16.22 36.43 18.22 15.55 45.32 24.24 30.24 49.27 19.42 26.44 26.3 17.19 34.48 38.45 17.22 30.5 31.44 29.06 
39.02 42.22 20.22 32.52 34.24 27.24 21.53 40.28 18.26 26.44 40.44 32.43 36.25 36.66 37.46 31.96 30.18 19.96 27.19 30.96 35.23 31.24 34.33 21.43 31.26 44.57 12.36 50.23 31.23 17.19 44.45 34.34 31.33 38.52 43.37 21.54 
23.43 25.97 18.22 32.44 39.81 16.22 27.51 31.83 33.37 34.22 32.44 14.22 32.24 30.34 31.82 22.29 23.55 27.75 27.19 40.23 12.36 33.23 38.47 21.79 32.04 35.54 29.44 36.23 40.23 20.22 32.48 42.34 21.23 38.79 50.5 18.17 
30.22 34.44 12.26 36.45 48.42 23.31 34.59 45.98 25.8 28.44 40.51 26.23 16.81 37.53 16.57 12.36 37.55 17.59 42.68 42.24 16.22 40.7 39.21 28.36 44.69 47.25 16.41 40.3 40.89 26.23 37.32 30.9 17.02 29.17 20.75 27.11 
30.22 36.3 16.22 32.44 33.32 27.24 21.58 34.33 31.08 37.23 32.44 12.22 31.24 21.45 31.32 15.23 36.89 19.12 28.22 38.23 35.31 29.23 33.24 23.28 23.14 24.37 16.49 36.23 26.3 17.19 30.48 37.24 17.23 22.42 36.97 26.2 
23.43 26.22 26.21 25.51 26 14.74 38.25 33.96 15.26 26.44 25.42 32.23 26.24 39.52 15.78 12.36 33.41 20.54 18.22 37.31 31.47 28.52 34.47 30.24 39.26 41.31 18.13 26.44 40.31 23.3 32.48 39.33 21.23 39.37 52.07 18.17 
30.22 34.37 35.04 33.17 28.73 21.24 29.18 22.75 23.18 28.44 36.31 12.54 23.51 37.54 16.57 25.51 35.55 12.38 9.63 44.24 36.38 15.5 38.46 24.59 15.69 38.4 29.33 30.44 26.3 30.23 41.33 30.34 21.08 36.37 37.39 16.89 
25.43 25.97 28.22 34.3 26.01 23.96 32.07 31.18 25.4 30.44 32.43 16.22 14.81 42.34 22.72 14.89 40.77 18.54 40.68 28.43 29.47 30.9 36.32 32.63 21.44 30.52 28.76 36.22 40.89 17.19 34.48 35.11 17.22 35.78 25.55 11.71 
30.22 34.22 18.94 31.02 28.73 11.95 25.81 30.35 15.89 29.5 30.44 28.22 26.48 33 33.83 33.3 23.15 31.79 9.63 32.43 36.23 21.51 36.47 20.43 30.14 31.48 29.44 38.23 35.72 17.19 33.14 58.39 17.23 33.02 28.98 34.75 
32.22 26.44 16.22 35.21 38.45 19.23 20.32 37.48 18.17 34.23 42.44 20.23 20.44 36.46 8.58 28.44 34.21 17.67 22.22 36.43 16.22 15.55 38.57 22.44 23.24 42.5 29.46 48.23 35.24 19.19 42.25 48.03 13.16 26.29 22.98 16.01 
28.22 23.97 38.32 36.45 30.01 35.32 25.24 25.03 25.06 26.44 32.31 29.17 28.48 30.32 22.24 24.63 39.29 26.49 25.19 44.24 43 35.24 36.46 33.26 23.17 31.71 25.27 28.44 31.23 30.23 34.48 35.45 20.13 39.77 30.7 18.49 
30.22 30.44 36.44 30.44 35.32 22.56 26.41 30.24 21.57 28.44 30.43 24.23 14.81 35.66 15.3 35.34 27.14 26.24 27.19 42.23 16.22 42.32 34.47 35.11 25.05 25.92 27.92 34.22 32.31 17.19 37.45 32.52 29.04 19.42 30.95 24.2 
30.22 26.43 33.31 28.44 31.65 31.17 17.31 18.75 21 35.29 38.51 18.22 21.5 30.45 12.57 36.52 27.65 21.26 25.19 36.23 34.44 31.51 31.25 31.46 15.28 42.09 15.25 42.3 24.3 15.19 36.24 55.54 17.02 38.25 33.52 17.03 
32.22 25.4 12.22 30.44 35.24 13.42 28.06 26.76 24.79 37.29 34.44 18.22 21.5 31.46 15.52 12.36 31.33 8.27 25.19 34.23 33.23 29.5 30.46 27.12 21.44 28.38 30.28 36.23 28.3 17.19 30.48 33.72 15.12 34.34 24.73 32.99 
30.22 39.35 24.22 22.44 40.33 24.27 19.5 42.33 22.27 31.09 30.43 15.52 21.29 34.35 33.38 20.41 38.5 29.31 32.22 38.23 29.47 25.23 32.47 25.29 29.51 28.38 25.41 36.22 28.43 16.12 30.48 33.33 20.11 38.24 38.42 32.22 
28.22 30.37 24.21 19.47 33.89 20.28 28.53 27 18.31 29.09 32.43 14.54 23.29 40.35 12.57 12.36 34.5 26.27 20.22 34.43 12.36 16.23 41.37 22.38 37.15 35.58 33.26 34.22 26.44 9.63 26.47 27.15 15.08 30.21 27.41 9.63 
37.02 40.37 13.16 30.52 32.39 28.32 27.54 27.61 28.14 34.22 40.31 16.54 24.43 48.33 26.58 24.48 47.76 24.32 27.19 32.96 37.38 39.24 36.47 19.5 33.37 32.41 33.55 26.44 33.23 17.19 34.48 39.45 29.53 42.2 43.33 22.19 
34.22 31.35 28.94 29.02 28.73 28.77 27.85 28.9 9.63 37.5 34.43 15.52 21.71 42.06 8.58 28.44 28.99 30.33 9.63 32.43 35.36 11.55 32.47 31.17 26.92 20.67 23.58 36.22 30.3 18.12 34.48 30.34 35.21 32.03 37.82 21.18 
30.22 26.43 33.31 30.3 29.45 23.24 21.53 21.02 21.26 32.22 32.31 20.22 18.43 35.53 12.57 15.23 35.69 13.37 27.19 30.43 38.44 27.23 38.34 22.56 36.17 35.28 28.17 26.44 33.23 15.19 39.32 35.25 9.63 33.34 35.07 20.06 
23.43 32.44 36.44 32.3 32.47 21.24 20.51 41.52 19.27 32.22 30.43 28.23 20.43 37.66 18.72 38.53 33.62 16.4 27.19 32.43 12.36 41.24 47.32 21.47 45.25 49.14 21.29 32.22 33.23 18.12 41.45 55.2 26.18 49.48 51.26 30.1 
32.22 25.97 33.29 32.44 28.01 17.5 32.72 39.12 15.3 27.09 27.42 16.22 28.48 29.46 12.57 29.43 40.39 19.41 42.96 38.23 33.8 33.18 37.25 19.92 32.2 36.2 38.76 26.44 39.17 15.19 28.48 29.38 19.66 35.8 25.42 9.63 
30.22 32.43 18.21 36.44 35.54 14.21 24.36 29.35 12.11 36.23 32.44 22.22 22.44 37.33 23.33 33.46 24.33 21.36 12.22 46.24 18.41 19.55 45.26 23.47 30.44 44.25 26.74 36.23 24.3 26.23 28.48 36.66 17.03 28.3 33.37 9.63 
25.43 28.43 9.63 27.48 35.34 9.63 34.24 33.28 33.07 28.44 24.22 18.22 26.48 26.34 27.28 20.43 37.44 23.28 27.19 32.43 29.47 29.04 24.6 25.64 29.19 32.25 25.41 31.5 30.31 18.22 32.48 30.53 12.08 31.15 29.48 18.17 
25.43 30.48 9.63 39.02 35.22 28.86 23.02 38.58 26.27 28.44 38.31 8.61 31.72 28.34 26.32 23.42 25.5 22 9.63 32.43 40.49 17.5 33.95 31.42 23.17 26.38 27.41 28.44 29.71 14.22 26.48 34.08 35.26 31.1 49.13 21.46 
25.43 25.97 16.94 37.02 39.06 11.95 25.01 38.1 20.31 31.5 34.44 14.22 26.48 22.54 26.54 24.44 26.35 24.21 9.63 34.43 12.36 25.51 46.31 12.36 24.24 35.31 27.19 36.23 35.72 18.22 31.25 24.33 13.65 30.94 29.2 17.3 
26.42 34.48 13.16 26.5 28.62 14.21 23.51 19.55 23.3 38.23 40.31 8.61 20.44 40.71 21.49 16.44 30.64 19.69 12.22 36.3 33.31 11.55 36.75 29.42 22.37 37.47 29.44 28.44 24.3 16.22 26.84 34.41 29 21.44 14.91 25.54 
21.43 32.37 39.16 37.78 28.73 21.36 24.26 36.25 23.18 31.5 28.43 12.54 29.21 28.65 27.46 28.99 28.65 21.96 9.63 32.43 12.36 26.3 39 23.31 18.3 38.29 23.13 30.22 38.51 17.19 34.48 36.49 23.22 38.37 39.92 24.47 
24.22 34.22 16.22 34.45 24.01 13.15 28.17 25.74 23.77 26.44 32.44 25.17 22.47 27.45 22.24 27.74 43.17 25.31 42.31 46.24 34.23 34.53 34.45 18.43 20.24 26.57 22.63 38.23 36.52 24.23 35.25 30.74 16.13 28.51 23.75 9.63 
