28.22 32.22 29.17 26.45 28 24.24 21.45 37.25 23.18 36.23 23.42 27.17 34.24 20.01 24.24 20.22 41.05 19.01 28.22 40.24 39 29.23 41.26 27.21 38.37 39.44 19.42 26.44 24.3 26.23 30.48 42.25 19.25 28.51 33.49 12.47 
23.43 36.22 16.22 24.51 30.24 29.13 28.12 27.05 25.15 28.44 30.44 25.9 27.36 20.37 22.96 15.62 33.41 25.18 32.22 34.3 36.23 27.23 30.46 23.28 17.14 27.27 24.44 36.23 30.43 23.3 32.48 36.45 15.23 32.33 27.45 9.63 
32.22 36.44 9.63 32.43 30 26.31 29.12 28.16 33.14 34.23 32.31 22.23 20.44 42.33 15.52 12.36 30.33 10.63 12.22 42.23 16.22 13.55 35.18 37.29 27.37 32.41 33.31 26.44 26.3 15.19 32.48 30.44 20.12 36.12 32.35 20.84 
28.22 34.37 26.22 32.3 30.39 25.86 23.47 32.33 21.82 32.22 36.43 12.54 18.43 30.72 16.57 23.99 37.29 23.27 25.19 32.43 35.38 28.17 36.34 21.59 29.2 30.54 25.18 38.22 29.29 9.63 28.05 43.09 9.63 17.14 34.89 23.18 
23.43 34.44 32.31 32.43 28.65 24.95 18.48 24.47 26.28 36.23 34.31 26.23 20.44 38.54 22.44 12.36 38.56 20.61 16.22 50.23 12.36 11.55 38.34 37.39 34.16 32.27 29.19 30.44 28.3 18.22 42.33 54.47 22.17 38.51 42.05 21.04 
25.43 27.97 14.22 28.3 28.01 30.46 25.81 42.6 22.2 30.22 32.44 12.22 26.48 45.49 27.27 22.44 47.45 30.72 25.19 32.43 12.36 38.31 37.02 36.33 37.26 38.28 17.12 38.23 36.3 16.22 30.48 26.51 27.31 22.94 25.96 21.29 
24.22 32.37 9.63 30.45 24.88 24.04 20.37 28.21 25.86 26.44 30.31 12.54 13.9 32.52 19.38 28.5 25.52 23.4 36.22 42.24 33.31 34.44 31.17 31.32 28.58 25.01 29.14 30.44 34.43 32.23 46.32 40.65 31.25 38.37 38.73 18.09 
30.22 32.37 9.63 28.2 39.31 9.63 25.22 32.11 27.23 28.44 38.31 12.54 28.48 32.7 26.37 14.84 40.67 34.14 9.63 34.43 12.36 22.31 33.91 29.42 16.44 30.02 20.92 30.44 36.52 36.3 28.84 32.73 20.36 32.57 31.21 22.38 
30.22 36.23 28.22 34.3 30.01 30.05 34.33 29.96 9.63 36.22 30.43 12.22 26.48 34.05 26.25 29.3 24.99 23.18 27.19 32.43 42.24 29.42 32.47 28.04 19.44 20.67 20.45 32.22 34.3 13.19 30.48 32.34 15.22 31.16 34.37 25.33 
26.41 27.97 22.22 30.44 32.81 28.04 28.12 26.62 22.06 27.09 32.23 8.61 28.44 26.44 31.34 19.49 40.38 25.27 30.22 36.23 39.8 31.23 34.47 22 31.45 30.49 25.31 28.44 30.43 22.22 40.24 38.45 24.98 40.26 40.1 23.69 
34.22 26.43 31.31 19.48 39.6 25.38 19.38 43.88 29.66 30.44 38.51 22.22 19.29 28.45 31.34 37.29 24.69 32.4 30.22 32.43 38.44 29.23 36.47 22.65 38.07 24.27 23.31 44.3 28.43 16.12 32.24 50.28 13.16 31.25 29.94 34.83 
26.22 25.97 34.31 30.44 31.41 20.03 15.83 35.63 17.73 34.23 32.31 12.22 20.44 31.53 12.57 26.5 27.33 28.22 16.22 46.24 42.41 27.23 40.46 24.53 34.97 36.39 28.14 26.44 26.3 28.23 39.33 31.05 13.65 30.94 31.09 28.3 
25.43 32.43 16.18 34.51 44.45 27.31 47.42 38.04 24.25 32.22 30.31 18.22 29.24 22.61 28.25 24.98 26.11 21.31 27.19 36.3 36.44 28.44 39.12 30.36 16.15 20.24 22.63 26.44 38.23 18.22 31.33 52.29 13.16 28.3 28.27 34.02 
26.22 23.97 12.22 30.45 37.81 13.15 25.16 25.74 25.98 28.44 36.44 16.22 34.53 25.45 26 14.51 30.46 8.55 38.31 40.24 33.8 22.17 33.25 23.79 11.5 39.3 23.61 38.23 32.52 22.23 33.25 36.53 19.67 26.94 22.97 12.68 
23.43 34.43 28.22 34.3 23.21 25.01 17.68 35.25 27.5 39.29 32.43 32.22 25.5 41.29 14.43 26.44 29.44 24.21 27.19 32.43 31.47 27.23 42.31 33.13 35.85 29.24 32.32 34.22 30.3 22.22 35.42 58.28 22.17 43.31 43.87 23.09 
35.02 25.4 28.22 37.06 28.24 26.33 22.06 37.28 24.15 36.22 27.42 18.22 20.43 30.26 15.78 34.65 28.2 13.78 25.19 32.96 35.23 37.24 35.27 21.35 28.2 34.68 35.46 30.44 37.23 17.19 38.05 39.45 25.23 39.28 36.36 22.86 
28.22 30.37 24.21 24.29 41.41 23.18 28.32 36.22 19.11 29.09 34.43 16.54 32.24 31.46 14.57 16.44 37.27 15.52 20.22 34.43 40.38 33.25 35.32 23.29 23.34 26.25 22.44 38.22 32.23 21.19 34.48 35.46 19.08 36.44 35.52 24.05 
22.41 28.37 42.35 26.44 31.39 31.29 26.27 28.35 27.11 34.22 42.31 18.54 22.43 35.46 22.58 16.47 39.58 15.59 27.19 38.23 38.38 37.3 32.47 20.5 33.43 32.41 12.36 26.44 31.29 20.22 34.48 37.51 23.09 43.23 41.38 30.12 
24.41 25.97 13.16 29.51 30.8 23.19 17.74 41.69 21.05 27.09 27.2 12.54 23.24 41.42 18.52 12.36 40.45 13.53 20.22 45.31 12.36 18.23 42.34 27.03 12.6 39.39 12.36 32.99 30.44 15.19 43.21 41.41 25.88 38.37 41.79 23.69 
37.02 21.97 24.22 25.24 33.68 35.62 22.6 33.3 17.12 27.09 28.43 12.22 26.48 36.35 13.78 25.5 24.55 25.43 40.96 31.23 38.41 31.18 31.13 29.21 27.57 24.38 27.33 32.22 41.17 17.19 30.48 29.38 13.65 37.79 29.42 16.06 
24.41 34.44 13.16 36.29 31.45 27.28 19.5 40.49 25.31 27.09 33.5 28.23 25.24 43.3 29.19 20.45 33.45 21.39 20.22 34.43 12.36 18.23 39.55 14.47 28.95 29.79 29.44 35.29 26.44 13.19 27.43 50.26 18.17 30.29 31.45 30.12 
34.22 25.97 9.63 36.44 34.81 28.17 21.71 30.81 25.06 28.44 29.42 20.22 16.81 33.46 20.58 16.47 37.36 20.61 25.19 42.23 37.8 35.24 35.06 21.92 26.2 32.25 31.75 26.44 29.23 13.19 28.48 25.44 9.63 24.94 36.92 24.71 
25.43 43.31 9.63 28.3 33.74 17.22 31.44 33.47 13.48 28.44 32.31 12.54 29.21 27.39 18.72 16.78 39.29 19.67 40.31 30.43 31.47 43.08 43.32 21.64 31 32.24 27.43 30.44 40.52 17.19 35.33 39.29 28.16 34.37 40.97 16.69 
26.22 26.37 26.22 24.45 41.39 22.22 30.27 35.21 16.5 35.23 44.43 14.54 23.44 44.65 16.57 12.36 28.07 16.36 28.22 36.24 38.38 33.45 37.47 20.59 31.38 45.51 29.44 46.22 24.3 22.23 42.44 27.51 32.32 30.3 26.83 30.14 
21.43 23.4 26.22 32.3 28.01 33.28 17.77 35.13 17 34.22 34.43 20.22 20.43 44.35 23.53 18.47 39.57 20.54 25.19 28.43 45.36 33.3 34.34 31.16 21.46 28.25 27.28 34.22 27.29 16.22 26.48 22.5 28.26 32.36 31.39 26.23 
24.22 28.43 31.23 24.45 34.82 19.03 18.6 34.64 18.85 35.23 38.43 24.22 19.44 31.44 26.24 22.63 24.44 21.25 30.22 36.24 46.44 39.45 39.26 32.65 35.27 37.28 29.26 42.22 26.3 24.23 37.24 31.66 13.03 26.3 31.15 19.05 
21.43 25.4 16.94 35.02 26.73 13.15 29.42 33.96 9.63 26.44 32.44 16.22 29.32 43.61 24.54 30.28 43.57 25.99 9.63 34.43 32.42 27.73 25.01 22.81 16.31 23.34 23.49 40.23 40.31 16.22 31.25 29.32 28.26 25.51 25.75 28.19 
30.22 28.43 26.22 30.45 26.01 31.35 18.5 23.96 27.09 34.22 36.23 20.22 28.48 30.34 24.24 18.5 36.19 12.25 25.19 38.24 27.47 36.31 37.26 27.34 31.26 39.62 36.27 30.44 36.3 28.23 32.48 34.52 17.03 30.3 30.25 9.63 
26.22 32.23 26.22 32.45 41.21 24.28 13.83 37.48 20.55 28.44 32.43 15.52 19.29 34.34 30.25 26.5 27.02 32.07 32.22 50.24 22.22 29.23 40.46 20.24 36.85 36.67 29.44 36.22 26.43 24.23 32.48 41.06 23.23 40.36 55.09 18.17 
24.41 36.37 13.16 36.3 36.39 22.32 27.13 22.51 27.39 31.09 40.31 18.54 17.46 40.54 15.52 33.21 36.29 16.32 34.22 32.43 12.36 33.25 38.47 22.29 33.18 36.41 33.33 26.44 30.43 18.22 42.33 26.19 15.98 28.36 32.07 20.16 
23.43 30.43 9.63 28.3 29.47 27.12 25.13 21.82 27.14 28.44 42.31 18.22 38.45 35.25 8.58 31.39 30.28 28.21 34.22 30.43 40.46 34.44 38.47 29.39 33.18 40.42 23.39 26.44 30.43 12.22 32.52 28.34 26.12 24.28 20.11 27.1 
28.22 27.97 24.22 38.45 36.81 22.24 28.25 26.03 28.27 36.22 34.23 14.22 34.24 32.45 26.24 28.63 28.25 28.19 27.19 40.24 35.8 27.23 38.46 22 32.25 32.47 27.14 26.44 38.23 24.23 38.25 32.33 9.63 24.94 33.71 23.44 
32.22 23.97 18.22 27.48 32.01 25.24 42.33 41.44 21.58 30.44 40.44 15.52 14.81 39.46 8.58 30.77 30.53 19.6 38.68 32.43 44.46 36.9 36.47 26.66 36.93 29.48 34.36 44.23 34.89 16.12 43.25 27.98 14.72 27.03 26.91 28.85 
24.22 26.44 28.22 28.31 39.21 24.13 22.11 40.49 25.41 35.23 36.43 22.23 19.44 36.34 14.57 12.36 32.49 15.52 30.22 34.43 12.36 37.45 33.01 28.41 29.99 35.54 29.44 40.22 26.3 30.3 28.48 28.33 9.63 26.18 30.04 29.11 
24.41 27.97 16.22 26.51 32.41 26.45 29.85 34.23 33.52 27.09 30.44 14.54 17.46 41.46 18.52 12.36 27.97 32.55 36.22 36.3 26.37 32.44 32.46 27.28 30 32.28 32.23 34.23 32.43 24.28 32.48 28.34 19.08 36.32 32.28 24.89 
21.43 25.97 12.22 34.3 32.06 22.04 24.12 21.21 21.45 28.44 28.44 26.22 37.06 36.34 24.13 28 42.32 28 36.22 30.43 36.05 21.22 20.24 19.28 15.14 22.38 23.42 32.23 28.43 14.22 28.48 28.34 17.23 34.98 35.26 15.43 
22.41 21.97 30.31 22.43 34.4 27.11 20.45 41.23 20.06 36.23 36.31 20.22 24.44 44.54 22.58 16.47 41.55 18.28 20.22 42.23 12.36 13.55 40.47 35.33 28.36 32.4 23.33 26.44 22.3 14.22 40.33 26.44 11.66 29.16 18.27 22.31 
32.22 32.44 9.63 35.02 40.04 26.03 41.25 34.55 26.35 35.5 28.94 22.23 21.71 30.03 13.3 28.44 26.98 24.2 9.63 36.43 12.36 11.55 43.76 12.36 17.13 47.77 35.78 30.78 26.3 13.19 33.82 30.34 32.3 36.63 23.28 32.26 
26.22 28.43 12.22 28.51 41.46 13.15 24.41 25.95 25.37 30.44 34.44 22.22 13.9 29.45 13.29 27.05 43.85 18.5 25.19 34.3 35.45 32.31 25.01 23.44 9.63 35.3 21.26 38.23 30.31 22.23 37.25 38.53 21.23 30.3 27.12 19.14 
28.22 32.37 28.22 30.45 30.01 18.83 41.54 33.24 19.45 41.02 42.31 12.54 36.04 28.52 24.24 25.04 41.57 20.54 25.19 36.24 33.31 33.03 32.47 17.43 34.98 42.29 17.24 28.44 26.3 28.23 36.52 34.34 29.25 38.58 53.92 18.17 
26.41 27.97 13.16 34.3 35.8 13.16 32.5 28.03 18.33 38.23 27.2 12.22 32.24 34.29 27.46 33.2 25.49 23.18 30.22 32.43 12.36 31.23 43.54 30.82 29.28 26.38 25.71 32.99 26.3 17.19 30.48 32.24 9.63 31.79 22.8 33.77 
23.43 27.97 24.94 32.24 30.73 9.63 30.15 25.95 23.98 28.44 38.23 14.22 28.48 33.37 13.78 32.75 44.7 26.84 9.63 41.31 46.41 34.32 42.04 32.62 31.26 38.06 28.23 30.44 32.31 13.19 36.24 28.52 16.45 26.94 31.18 20.86 
21.43 32.37 43.04 23.47 26.73 28.04 22.55 29.04 29.26 26.44 36.31 14.54 24.51 41.33 15.78 24.53 31.72 18.22 9.63 37.02 36.38 17.5 44.64 24.59 15.52 40.58 12.36 28.44 27.71 13.19 26.48 22.19 29.49 20.97 17.74 25.58 
25.43 29.97 14.22 30.42 37.81 13.16 26.32 21.2 21.54 36.23 24.44 31.8 27.1 36.34 29.75 23.18 43.57 29.75 30.22 30.43 27.47 23.22 24.24 25.28 27.21 22.38 23.42 34.23 30.3 22.22 32.48 36.97 19.23 34.98 36.62 21.76 
32.22 25.97 28.22 28.44 30.01 18.83 35.32 27.03 33.34 32.22 42.31 15.52 20.43 34.53 26.25 18.09 36.5 26.29 27.19 38.23 31.47 33.24 30.47 31.27 33.39 34.05 27.08 28.44 33.23 18.12 32.52 28.32 13.66 33.97 30.57 18.17 
30.22 36.22 28.22 28.3 29.15 22.16 23.25 45.21 20.17 26.44 30.43 34.43 32.32 30.26 35.25 26.44 28.3 35.21 25.19 28.43 33.23 22.17 25.01 19.68 9.63 38.5 12.36 38.22 32.31 15.19 36.05 40.34 21.23 34.52 37.36 21.31 
25.43 32.37 16.18 37.23 29.32 22.32 30.03 29.83 15.11 30.44 36.31 18.54 18.81 42.54 25.3 17.64 39.57 26.48 34.22 41.02 31.47 31.23 44.04 15.75 27.17 35.97 36.34 26.44 28.43 15.19 44.33 38.45 27.88 32.36 36.33 17.1 
30.22 27.35 22.21 30.29 26.57 24.03 18.51 43.62 23.18 38.23 36.43 15.52 22.44 32.72 28.37 12.36 39.36 18.54 20.22 32.43 35.36 11.55 38.32 19.57 29.42 29.99 32.26 38.22 26.3 18.12 34.05 51.46 18.1 29.38 26.9 27 
24.22 26.23 9.63 22.5 32.44 22.31 18.53 36.53 21.39 34.23 40.31 8.61 18.44 31.32 22.22 24.22 29.07 28.09 22.22 36.3 16.22 11.55 40.24 29.42 11.5 30.02 26.43 26.44 33.24 24.23 28.84 26.33 9.63 24.5 24.36 34.33 
28.22 29.97 16.18 34.51 38.01 20.17 42.29 35.59 21.08 26.44 25.42 16.22 13.9 28.25 8.59 28.23 38.69 22.54 24.26 36.3 35.8 20.27 38.47 24.22 19.5 39.44 27.02 28.44 30.48 22.23 32.05 31.49 13.65 32.51 29.74 9.63 
25.43 34.44 9.63 38.15 38.45 14.21 27.76 22.57 25.15 34.23 33.72 24.23 22.44 40.35 14.85 16.72 42.66 29.75 12.22 47.95 12.36 13.55 37.18 21.16 33.97 32.68 35.26 35.51 22.3 14.12 26.48 32.45 9.63 26.29 25.45 36.79 
34.22 25.97 9.63 34.44 39.42 13.42 30.38 30.97 18.17 39.29 29.42 12.54 28.48 29.46 12.57 29.17 24.34 25.27 25.19 38.23 40.41 35.3 37.97 24.53 32.27 35.16 28.36 28.44 28.3 17.19 32.48 31.51 25.09 30.94 29.36 31.09 
30.22 42.24 16.94 27.16 28.73 14.94 34.27 30.99 12.77 37.5 32.44 12.22 29.51 29.05 28.25 28.32 26.07 25.27 9.63 42.23 28.23 17.55 51.35 36.25 31.51 40.28 23.44 36.23 28.3 15.19 30.48 35.72 15.22 30.5 31.53 16.22 
28.22 30.43 12.22 28.45 33.34 26.45 36.33 31.36 13.44 34.22 30.44 24.22 32.24 29.45 29.34 26.24 44.48 20.54 27.19 36.24 27.47 23.22 22.24 26.14 13.02 35.16 19.15 30.23 38.23 26.23 30.48 36.25 21.25 41.26 30.16 20.15 
25.43 30.44 9.63 37.02 39.13 23.04 27.03 25.85 34.07 30.44 38.31 26.23 18.81 42.54 19.5 20.92 37.28 24.35 9.63 32.43 12.36 17.5 37.76 33.33 29.65 32.25 19.42 28.44 29.71 15.19 44.33 40.34 21.22 36.32 30.16 17.14 
41.02 30.22 31.29 31.24 24.01 26.11 14.42 30.03 20.31 28.44 25.42 32.23 38.06 28.5 33.46 27.47 29.52 31.27 34.22 37.23 31.47 30.23 33.07 30.24 37.18 49.23 23.18 28.44 32.43 17.19 33.3 30.34 21.23 37.33 39.28 21.25 
22.41 24.44 24.21 28.29 32.45 26.33 20.5 34.84 22.15 32.23 30.43 20.23 20.44 40.35 18.52 12.36 38.31 21.39 20.22 34.43 12.36 15.55 43.32 24.45 15.03 39.53 35.26 36.22 33.24 15.19 32.48 31.45 9.63 26.29 27.13 29.06 
28.22 36.37 9.63 32.45 32.39 29.71 25.46 37.25 29.93 28.44 42.31 12.54 21.23 27.44 8.59 34.05 33.93 19.53 32.22 44.24 36.38 29.23 33.18 33.26 31.18 34.4 19.07 28.44 28.43 18.23 22.84 34.91 25.11 23.57 19.19 13.75 
34.22 28.44 26.94 25.02 35.2 20.06 30.37 30.54 17.22 31.5 25.42 20.23 17.71 30.26 8.58 28.44 24.21 27.29 9.63 36.43 12.36 25.29 50.32 26.46 19.5 39.44 19.68 26.44 31.5 15.19 32.05 28.33 22.08 27.85 24.14 35.12 
25.43 27.97 9.63 23.48 29.82 24.04 25.05 42.66 24.15 26.44 34.31 8.61 33.45 28.52 27.76 22.62 19.62 31.04 36.22 32.43 29.47 30.44 34.97 30.42 26.17 25.01 19.68 28.44 32.43 18.22 40.32 30.34 20.97 41.83 61.83 30.49 
25.43 27.97 16.22 36.3 34.01 19.24 26.51 23.02 20.44 36.22 38.44 16.22 20.43 37.46 19 14.44 36.4 12.53 27.19 32.43 12.36 43.25 37.31 36.84 24.24 28.11 23.64 40.23 33.23 17.19 41.25 43.46 17.22 28.94 24.79 14.71 
23.43 28.22 26.22 27.52 26.01 29.79 17.29 36.66 21.82 26.44 32.43 26.22 29.36 29.91 25.17 18.41 33.41 15.52 34.22 37.31 32.41 30.17 32.33 16.78 34.23 30.68 35.1 38.22 28.43 17.3 27.13 48.66 12.31 24.59 28.85 30.79 
43.02 34.44 16.94 41.96 31.97 27.17 29.97 32.8 17.97 28.44 32.44 24.23 13.9 40.46 24.45 26.92 39.47 25.07 9.63 41.23 16.22 17.5 39.25 31.12 30.52 39.07 33.15 36.23 31.71 13.19 30.48 24.33 32.04 30.25 21.15 12.41 
26.41 30.43 16.22 34.5 38.45 14.22 27.3 25.83 29.12 27.09 30.44 22.22 17.46 35.46 19.52 24.38 40.27 28.19 34.22 38.29 32.44 21.22 25.08 19.63 22.34 42.28 20.39 32.23 32.43 26.28 28.48 40.45 17.08 26.42 26.45 13.16 
26.22 28.37 26.94 27.03 18.72 24.97 21.23 19.64 18.17 29.5 42.31 12.54 33.52 28.52 36.73 26.43 20.01 26.2 9.63 34.43 31.47 26.63 40.32 17.84 36.26 44.27 15.42 26.44 37.51 30.3 34.52 42.34 21.08 32.36 32.4 20.73 
39.02 30.43 24.21 27.23 21.92 21.95 18.24 37.77 21.98 30.44 36.43 28.22 14.81 30.72 21.31 23.73 37.59 15.59 18.22 35.23 43.32 20.31 40.34 27.53 29.72 30.54 27.21 40.22 36.52 15.19 32.05 51.76 29.33 30.3 36.47 28.19 
23.43 23.97 26.21 24.5 33.8 16.82 30.05 29.82 9.63 38.23 34.43 12.54 22.44 44.35 14.57 16.44 33.07 11.78 18.22 36.3 35.8 27.42 38.07 27.6 15.14 29.98 21.72 34.22 22.3 12.22 24.48 30.31 13.65 26.94 28.91 31.52 
28.22 25.97 39.04 27.17 24.73 29.84 22.77 20.55 27.66 33.5 36.31 14.22 19.71 38.32 26.24 28.71 25.52 25.26 9.63 42.24 12.36 13.55 38.47 12.36 23.63 32.41 32.78 26.44 24.3 18.23 28.48 33.92 11.67 32.34 31.95 9.63 
23.43 25.4 29.17 22.42 24.44 18.17 31.78 38.28 18.17 38.23 34.43 20.22 24.44 37.54 22.23 16.44 37.29 18.72 30.22 30.43 35.31 32.17 35.96 19.52 27.05 33.73 12.36 40.22 28.3 20.22 43.33 55.47 15.12 29.51 23.44 32.79 
30.22 34.23 9.63 32.44 40.47 28.27 18.44 25.41 26.06 28.44 29.71 12.54 19.29 30.08 8.58 36.55 23.95 23.18 30.22 40.23 20.22 43.33 35.19 25.18 30.05 39.87 35.79 33.5 26.43 9.63 29.72 27.53 27.25 27.73 27.32 13.63 
24.22 25.4 37.04 35.78 24.73 28.06 18.51 34.97 24.27 28.44 34.31 20.22 13.9 34.33 15.3 21.32 29.18 15.78 9.63 32.43 31.47 27.23 35 23.23 27.17 34.41 34.27 30.44 29.5 34.23 32.48 30.34 17.22 33.34 49.29 16.98 
21.43 23.97 9.63 28.29 29.31 12.83 20.85 28.55 27.04 30.44 31.42 16.54 18.81 35.51 18.51 12.36 35.47 15.52 22.22 36.43 32.37 28.68 45.32 16.19 25.24 46.29 27.27 26.44 36.89 17.19 39.3 41.54 32.16 43.19 41.41 19.11 
30.22 48.23 12.22 32.45 30.44 28.25 31.55 19.02 21.26 30.22 28.44 8.61 31.24 31.53 24.24 17.48 42.37 25.62 27.19 42.24 20.22 32.44 43.34 31.23 34.04 34.28 21.44 32.23 40.23 22.23 35.33 29.24 15.24 37.36 32.47 18.04 
24.41 30.43 13.16 25.48 30.01 21.58 32.87 28.82 32.26 27.09 36.31 22.22 13.46 40.34 15.52 15.33 34.48 20.1 25.19 32.43 36.44 31.25 38.47 20.56 33.18 34.41 29.44 28.44 39.33 18.22 28.63 54.38 13.91 32.13 26.97 31.41 
26.41 46.22 22.22 38.5 40.44 16.22 27.3 34.26 35.17 27.09 28.44 32.43 26.38 30.28 30.39 17.43 33.41 23.33 34.22 38.29 27.47 27.23 30.46 25.28 28.64 35.58 27.42 34.23 30.43 20.28 28.48 36.45 19.3 38.37 34.68 17.05 
30.22 34.3 32.43 28.43 28.23 19.95 17.98 24.03 21.77 28.44 26.43 12.54 13.9 38.66 12.53 33.75 34.48 30.13 18.22 50.23 26.22 24.31 44.45 26.31 24.31 40.27 16.1 30.22 32.52 9.63 34.45 26.73 25.18 18.42 11.86 21.19 
21.43 26.43 28.22 39.21 32.45 14.03 30.62 25.24 34.73 39.02 28.43 18.22 35.03 35.7 25.46 22.44 25.74 19.09 27.19 30.43 34.44 25.42 35.42 31.13 32.84 35.94 31.11 36.22 28.3 19.19 32.63 51.27 13.16 32.3 32.85 29.07 
23.43 27.97 9.63 30.44 32.01 19.71 26.97 37.76 18.17 39.29 39.71 14.54 25.5 37.54 15.79 15.5 30.54 27.83 27.19 36.23 29.47 23.95 31.19 28.53 38.06 30.21 28.54 41.5 22.3 12.22 33.33 29.18 13.66 28.94 27.96 15.68 
23.43 34.43 16.22 38.3 37.71 20.44 27.26 27.62 27.04 37.29 40.44 26.22 26.48 29.45 29.72 27.5 18.77 27.65 25.19 28.43 29.47 38.35 30.46 13.83 31.26 27.48 20.3 46.23 26.3 18.22 39.25 36.56 19.23 39.47 53.51 23.86 
21.43 31.35 31.3 22.43 26.36 24.03 24.45 25.17 23.85 30.44 36.31 19.52 20.81 41.53 22.58 16.47 39.55 24.15 18.22 40.23 37.36 20.23 40.47 21.48 16.35 37.41 28.92 28.44 30.44 14.22 33.32 25.53 28.34 12.36 35.25 16.51 
30.22 21.97 24.22 26.44 35.36 20.28 34.2 31.18 14.09 31.09 30.43 16.22 21.29 36.35 12.57 31.51 30.16 28.23 32.22 42.23 44.41 33.3 34.47 35.21 29.05 34.68 19.51 30.22 24.43 9.63 28.48 27.5 9.63 24.94 31.34 9.63 
24.22 30.43 12.26 42.45 39.32 28.1 25.44 24.82 25.92 35.23 38.31 22.22 19.44 34.52 15.3 30.66 34.34 26.06 30.22 48.24 29.47 31.4 34.37 32.24 25.17 36.4 15.38 28.44 28.3 32.23 46.32 39.66 21.23 30.3 28.59 16.37 
26.22 32.37 24.22 32.45 31.38 14.21 31.24 32.18 20.58 38.23 40.23 12.54 20.44 27.44 15.52 33.46 27.79 31.15 26.22 40.24 38.38 37.33 34.47 24.59 29.26 32.49 20.83 26.44 22.3 22.23 22.92 27.39 32.32 18.64 38.23 31.34 
26.41 27.97 22.22 31.23 29.9 20.23 25.83 28.82 26.06 36.23 34.23 16.22 24.44 40.46 21 21.65 41.69 23.02 28.22 37.02 27.47 27.23 34.47 13.83 32.46 28.05 27.62 28.44 28.3 17.19 42.25 44.46 20.02 31.43 52.94 23.48 
23.43 33.35 28.22 34.16 35.37 14.74 31.89 29.67 23.18 30.44 48.43 15.52 14.81 40.45 14.85 12.36 40.55 25.66 27.19 45.95 12.36 39.96 36.47 21.36 36.19 44.01 24.43 50.22 34.31 18.12 42.24 36.16 27.83 37.44 37.06 25.85 
26.22 26.44 18.22 30.45 36.46 19.31 24.37 25.83 9.63 28.44 40.51 22.23 13.9 29.52 23.72 16.04 33.36 19.64 34.22 40.24 12.36 31.23 39.26 22.44 40.08 37.01 24.43 42.3 32.43 26.23 39.32 32.34 27.24 32.29 32.07 15.03 
34.22 32.43 18.22 38.3 34.01 16.22 22.49 30.84 30.5 36.22 38.44 26.22 18.43 28.26 14.43 30.51 35.2 12.53 25.19 28.43 28.42 28.18 25.01 27.02 15.98 43.35 24.84 40.23 33.23 16.12 36.05 42.34 19.23 28.3 24.01 12.71 
24.41 32.22 13.16 28.51 38.24 16.22 38.82 43.52 28.62 27.09 27.2 26.22 27.97 28.34 17.96 21.71 35.23 16.72 46.96 34.3 34.23 35.33 40.58 31.26 23.46 30.68 29.44 32.99 39.17 16.22 24.48 29.54 31.76 22.35 37.38 24.77 
23.43 34.22 28.94 34.24 28.96 27.06 29.25 23.97 31.08 33.5 28.43 26.22 25.44 20.37 27.17 27.43 44.31 18.33 9.63 45.31 34.23 27.01 38.33 31.05 24.72 32.44 27.17 34.22 41.51 25.3 36.48 46.53 32.32 38.52 36.55 23.32 
28.22 25.97 27.16 25.3 22 24.24 25.52 40.86 19.26 36.23 26.43 31.8 35.25 23.35 31.83 24.16 36.42 15.52 16.22 32.43 31.47 30.24 39.33 32.63 25.05 28.28 33.88 34.22 24.3 30.3 30.44 26.34 25.32 35.67 26.68 12.72 
21.43 34.3 16.22 26.51 35.53 13.15 29.25 35.45 29.98 28.44 34.44 15.52 14.81 43.46 25.31 12.36 29.19 19.24 25.19 36.3 35.31 32.32 25.01 20.48 21.16 24 34.53 38.23 30.31 14.22 39.25 21.4 24.45 33.99 26.08 30.29 
23.43 32.23 35.31 28.29 30.24 28.33 12.34 37.05 22.14 34.23 40.31 16.54 24.44 36.54 15.78 14.45 36.5 22.17 16.22 34.43 20.22 17.55 45.32 28.24 39.26 53.36 27.42 28.44 33.24 15.19 34.33 35.46 27.25 26.34 19.44 25.27 
30.22 32.28 28.94 27.17 24.13 22.76 21.97 42.07 24.79 28.44 40.31 34.29 33.72 28.32 24.24 17.7 41.37 23.31 9.63 44.24 18.41 25.5 49.26 21.47 21.59 42.42 28.23 28.44 29.71 26.23 30.52 41.73 23.19 33.43 53.72 20.19 
24.22 38.38 26.94 31.17 24.51 27.05 19.3 36.28 27.59 28.44 34.43 12.54 13.9 34.34 14.58 31.02 22.34 22.05 9.63 46.24 26.37 24.31 40.46 12.36 14.31 37.67 31.51 36.22 34.52 26.23 26.48 28.32 9.63 25.99 21.66 24.92 
25.43 32.22 12.22 25.48 30.24 32.14 25.13 24.03 24.06 28.44 30.44 26.22 36.45 35.27 30.25 31.39 30.45 30.99 34.22 30.43 30.23 26.43 30.46 28.02 23.06 24.38 27.15 34.23 26.43 12.22 24.48 22.34 9.63 27.35 19.34 25.53 
28.22 40.51 14.18 36.45 30.01 9.63 24.16 25.95 31.08 28.44 36.31 30.3 13.9 34.34 24.24 26.63 39.29 26.81 27.19 44.24 35.31 36.32 34.67 31.26 30.46 35.72 33.26 30.44 36.31 28.23 32.48 34.53 21.23 42.37 42.77 18.17 
28.22 34.37 9.63 30.44 26.01 22.23 31 33.59 14.66 28.44 38.31 16.54 16.81 38.33 12.57 33.92 45.38 15.78 44.68 42.23 44.41 40.9 39.97 33.34 33.18 34.41 36.36 26.44 40.89 13.19 30.48 37.11 21.09 26.36 32.75 17.08 
28.22 27.97 18.22 36.45 41.81 18.22 28.58 27.86 35.09 30.22 26.44 27.17 28.48 34.34 31.81 14.5 29.29 18.99 27.19 42.24 37.8 34.31 35.25 25.28 28.72 31.98 27.42 32.23 34.3 24.23 30.48 30.52 23.25 38.79 32.98 15.68 
41.02 32.37 12.22 35.24 28.88 13.42 20.22 24.76 15.56 39.29 38.44 16.54 23.5 31.46 25.39 29.21 31.53 17.6 25.19 33.23 31.31 22.17 27.44 28.11 24.91 30.19 29.27 38.23 26.3 13.19 26.48 24.19 32.11 21.16 21.13 30.19 
