12.36 36.23 37.3 19.49 40.78 15.28 19.28 26.58 34.94 20.22 21.43 13.54 34.44 28.23 9.63 12.36 28.83 15.51 30.23 89.57 20.22 16.44 73.78 12.36 31.38 76.53 25.44 54.31 58.67 9.63 58.35 88.76 54.55 42.35 68.41 38.21 
28.44 83.29 32.29 23.46 61.71 71.6 12.36 53.31 43.36 12.36 135.63 23.57 20.01 122.39 14.13 27.78 118.24 17.46 20.18 30.31 34.22 34.23 67.47 26.17 18.37 53.02 28.2 24.41 46.02 37.23 18.28 38.24 17.84 24.3 78.55 13.25 
28.22 34.97 9.63 26.46 63.86 26.31 24.24 41.85 37.15 36.22 56.53 36.8 22.43 46.33 30.25 25.5 116.52 19.81 80.48 95.32 16.22 64.69 76.25 12.36 87.3 134.62 34.77 26.44 26.3 9.63 46.32 44.45 18.22 40.54 54.51 21.69 
16.42 78.55 31.29 39.51 66.75 15.49 31.52 56.55 32.53 12.36 48.31 32.28 16.23 32.45 19.21 17.2 36.26 13.22 25.19 83.58 20.41 8.98 64.71 52.47 55.24 54.25 33.25 23.43 56.26 9.63 39.51 42.28 28.47 29.47 30.01 14.26 
18.42 34.44 16.21 43.05 45.47 15.23 52.89 75.92 9.63 40.23 38.51 26.23 24.44 68.34 43.2 20.64 54.81 37.84 16.22 51.46 12.36 44.46 51.08 12.36 25.25 50.11 24.15 44.3 78.06 20.2 42.5 62.43 24.02 38.51 59.88 12.03 
40.46 42.99 29.23 48.34 52.05 21.23 24.32 28.75 9.63 32.23 102.35 28.22 41.51 82.56 16.79 21.77 72.26 23.74 18.22 54.33 28.46 30.24 44.54 36.82 18.45 89.45 33.84 36.22 21.29 18.2 20.43 31.33 23.25 16.24 24.78 34.71 
44.01 108.35 25.21 27.48 86.55 27.04 23.34 82.26 33.97 26.22 61.06 42.23 20.46 81.35 32.46 20.55 65.55 21.14 63.35 75.39 30.22 53.37 53.59 12.36 26.75 59.61 17.7 30.22 46.33 14.18 21.45 49.56 21.16 17.04 66.1 31.28 
30.22 35.98 9.63 16.43 37.81 19.3 25.82 34.62 45.95 34.41 51.31 12.54 16.78 79.19 32.02 22.53 67.81 35.85 34.2 58.04 25.45 61.29 75.04 27.74 48.31 57.24 22.44 25.43 62.67 20.2 51.33 65.6 21.88 34.44 51.82 27.48 
12.36 39.18 12.22 16.99 67.28 15.44 60.61 117.76 25.59 37 32.44 28.29 16.1 33.47 25.31 27.18 64.33 47.29 17.17 46.32 40.31 37.98 34.33 16.29 53.84 44.93 19.42 34.23 50.19 28.22 30.45 42 14.83 64.58 74.01 26.19 
24.22 22.95 23.3 26.22 41.02 26.03 12.36 73.7 40.1 36.46 36.51 28.78 16.82 35.34 21.79 29.45 39.17 25.61 16.22 67.48 40.79 20.44 52.61 21.91 34.18 53.24 45.29 23.43 30.23 46.24 26.3 24.45 32.45 58 55.94 35.92 
33.45 43.38 33.26 22.22 20.35 13.46 19.3 49.07 40.33 12.36 21.4 22.28 54.36 30.28 18.3 34.56 39.32 21.12 14.22 47.45 28.29 59.27 61.29 12.36 44.43 50.48 25.16 20.42 28.23 28.22 37.54 63.39 36.26 26.44 39.51 49.37 
12.36 47.03 31.32 12.33 61.01 9.63 19.38 40.47 19.56 21.43 13.86 13.18 77.31 60.11 24.22 57.55 43.62 28.09 44.22 49.45 31.02 50.27 78.05 12.36 29.37 62.95 35.21 31.45 52.05 9.63 20.14 34.26 37.42 32.55 55.52 15.61 
24.22 30.22 16.18 54.66 82.27 9.63 68.5 71.09 19.49 34.23 20.4 33.42 19.46 39.51 20.37 32.47 21.29 9.63 22.22 27.41 28.23 47.26 54.65 33.93 32.18 52.26 31.96 12.36 130.42 30.22 75.89 116.63 12.82 87.62 99.41 71.8 
26.22 23.96 48.33 12.36 17.47 30.45 12.36 92.18 24.05 28.44 61.34 16.22 128.68 35.78 17.74 101.53 19.04 9.63 40.31 39.73 20.23 18.45 60.46 16.25 32.45 51.01 85.29 18.42 11.85 41.63 18.46 22.52 24.22 12.36 80.57 23.26 
22.26 20.95 29.73 12.36 47.97 9.63 31.43 63.16 13.16 25.43 13.86 9.64 53.53 27.61 15.77 33.72 28.93 24.28 45.3 50.66 31.47 26 33.36 21.83 56.81 75.07 30.09 40.46 53.52 34.22 44.5 53.25 16.27 35.96 43.5 17.22 
35.02 66.04 24.23 34.99 54.38 13.16 19.2 66.06 17.01 20.42 58.07 22.56 64.33 42.28 21.59 45.73 59.34 11.57 55.25 62.48 12.36 68.95 92.58 25.39 117.43 144.7 14.58 12.36 75.05 17.19 41.81 67.34 25.23 44.07 87.25 80.21 
16.42 32.23 9.63 64.35 55.47 35.52 43.74 56.69 19.72 12.36 33.51 14.22 31.04 31.39 16.51 26.43 28.26 12.54 20.22 29.42 22.41 17.21 22.41 32.94 85.68 91.53 23.36 41.72 63.05 61.27 94.6 125.19 45.32 84.61 113.21 31.35 
22.41 31.98 38.22 19.95 35.61 24.92 20.98 29.75 15.75 141.9 61.45 47.23 130.11 93.34 53.48 157.99 76.56 39.54 18.22 92.54 36.22 46.61 82.44 18.42 48.78 66.65 12.36 12.36 13.87 20.22 47.24 84.83 37.36 71.32 71.04 25.57 
24.41 91.33 17.19 25.28 71.52 29.33 30.5 54.6 18.46 26.23 23.43 17.55 33.04 13.46 16.35 31.45 65.36 24.21 20.22 59.3 12.36 21.21 43.51 12.36 9.63 52.25 26.42 68.52 81.39 28.28 84.42 75.42 16.48 137.56 152.13 23.25 
50.99 87.41 18.45 37.22 66.83 20.46 28.42 61.33 13.16 25 47.24 15.55 16.46 28.68 21.47 15.56 23.71 14.57 15.17 86.07 17.45 44.34 61.26 21.05 25.53 47.23 17.25 32.28 84.38 13.16 140.7 152.56 16.07 141.19 173.54 17.17 
33.45 64.19 22.2 39.33 53.22 27.26 42.39 36.07 9.63 39 89.11 28.23 29.21 77.32 16.22 32.25 70.46 20.87 19.17 71.37 12.36 43.22 53.58 21.1 76.51 93.68 12.36 48.03 72.26 29.32 32.43 58.46 50.37 45.07 56.27 27.84 
18.22 24 26.22 14.22 20.96 16.16 13.28 45.81 17.27 32.28 46.44 21.55 29.29 39.48 38.83 49.53 34.47 26.83 18.22 46.25 22.22 19.29 31.43 29.43 37.28 41.3 45.46 32.41 51.02 28.24 28.23 92.12 44.29 82.46 114.61 34.7 
12.36 105.4 9.63 36.45 85.61 17.23 49.2 74.31 26.98 33.45 24.43 34.27 23.31 39.26 31.29 80.43 85.17 23.3 36.17 46.24 22.41 43.54 44.09 20.07 47.17 45.48 31.51 30.22 53.33 34.23 24.78 45.35 17.23 27.06 39 13.18 
26.22 28.23 9.63 12.36 40.83 20.5 47.52 41.16 35.06 26.23 43.51 14.54 14.44 73.54 12.43 20.41 62.41 22.22 16.22 46.46 16.22 24.45 27.38 25.16 27 33.21 20.02 49.72 58.5 45.47 84.63 87.12 21.45 68.21 75.37 29.29 
26.44 50.6 40.22 24.23 43.35 28.43 50.56 71.13 25.29 60.5 44.44 24.56 46.87 32.77 34.39 42.52 37.48 25.54 51.16 57.27 12.36 45.23 50.51 27.4 45.27 89.41 34.18 91.57 87.43 20.22 109.57 105.36 36.19 112.35 111.24 26.4 
26.44 54.34 31.23 44.51 40.38 23.03 42.33 48.47 37.17 40.23 38.3 24.56 24.44 46.27 12.49 18.41 44.42 20.53 16.22 32.31 12.36 56.28 55.11 12.36 61.63 101.61 29.43 26.22 43.98 52.26 37.25 67.42 32.86 42.12 89.49 44.13 
21.43 68.54 15.91 17.95 49.46 23.95 35.79 45.27 22.96 23.5 29.02 16.22 37.43 32.33 9.63 22.52 68.51 23.91 9.63 49.24 12.36 27.51 26.65 38.53 25.26 56.13 22.73 41.23 46.01 16.22 46.36 92.13 19.24 66.59 74.5 39.83 
12.36 58.32 26.22 24.23 38.52 17.32 12.37 44.35 19.68 36.23 75.51 23.52 50.83 64.39 15.58 27.03 47.32 9.63 24.22 45.45 26.3 24.24 31.78 26.31 30.38 77.25 35.43 45.47 46 28.13 45.35 41.83 67.33 27.86 40.98 51.33 
12.36 47.23 28.23 26.8 45.47 43.48 17.85 31.68 30.69 24.41 61.26 55.25 61.85 43.46 26.43 37.04 39.49 18.82 32.22 35.24 38.48 17.2 68.72 20.84 28.03 50.92 36.27 18.22 44 22.23 38.24 41.83 12.44 30.5 50.87 37.7 
22.26 24.02 32.3 16.27 43.71 31.24 23.73 32.25 25.23 25.43 26.22 20.22 29.47 41.28 34.52 21.44 73.16 38.35 15.17 44.29 33.56 23.3 32.5 31.56 19.33 79.53 21.43 48.31 90.42 28.28 34.86 71.29 52.05 70.26 70.12 36.25 
23.43 32.98 9.63 44.06 34.65 14.48 22.31 63.2 28.6 30.23 50.47 33.23 44.19 35.72 31.06 26.39 25.71 27.26 18.22 40.23 12.36 24.24 30.44 18.19 23.97 68.87 15.78 47.5 34.32 12.22 69.58 85.28 20.23 57.99 62.65 15.43 
12.36 62.34 24.28 36.45 47.77 9.63 23.67 60.66 20.52 37 112.59 36.22 18.1 101.4 17.91 35.51 80.27 24.12 17.17 38.24 24.22 9.63 46.48 22.4 19.92 52.48 17.29 26.44 55.74 22.23 67.39 62.04 65.33 106.67 106.64 47.43 
18.22 61.27 20.23 18.23 57.27 18.22 26.41 85.13 18.17 50.22 59.27 16.22 32.42 47.07 20.58 21.07 41.08 19.23 141.41 150.44 24.23 177.51 182.53 28.22 215.35 230.85 22.43 24.22 45.23 49.25 32.8 35.24 25.44 17.04 83.37 37.29 
50.28 37.24 93.35 30.48 41.05 67.73 24.13 65.13 55.94 22.22 24.4 22.28 57.68 119.44 39.26 45.84 105.59 25.41 17.17 24.4 29.23 18.23 38.29 27.2 22.4 38.29 62.39 24.22 28.44 28.27 33.49 38.66 80.35 16.48 91.15 68.39 
26.22 68.04 30.29 38.22 55.28 27.24 26.43 73.34 21.53 51.49 48.53 38.23 41.86 44.54 22.43 40.27 70.63 9.55 18.22 62.25 30.22 31.59 54.27 21.17 29.19 54.23 21.96 32.28 40.23 13.16 36.32 35.25 25.17 32.75 59.32 29.27 
34.22 45.46 49.06 31.04 33.96 25.96 18.92 43.49 15.68 53.49 50.46 34.22 42.82 39.35 29.44 39.54 15.45 21.44 9.63 66.09 27.47 32.81 69.55 15.12 23.52 55.78 24.16 30.22 26.98 41.25 18.46 65.87 39.08 63.41 67.91 16.27 
42.23 57.03 19.21 24.44 49.38 20.3 17.24 43.06 14.09 38.22 22.42 20.22 65.48 55.49 22.23 49.68 39.81 46.39 54.23 66.48 12.36 68.49 74.55 26.43 82.49 75.3 28.31 38.29 44.44 14.22 40.31 36.44 13.23 39.33 50.51 9.63 
43.35 71.26 14.18 46.68 61.47 21.44 44.92 66.31 25.28 33.45 77.31 22.56 19.82 65.12 13.16 14.95 40.87 26.81 19.17 30.28 32.22 21 18.5 14.64 38.27 43.93 12.36 79.1 96.42 63.29 160.74 180.62 60.73 175.36 183.66 40.39 
38.22 78.29 12.21 24.42 64.48 22.22 16.03 64.31 24.23 12.36 50.24 44.23 91.35 61.28 28.44 67.73 33.65 15.45 22.23 62.06 26.22 30.44 50.07 12.36 16.6 63.58 49.31 38.23 46.24 30.22 47.51 62.3 18.83 61.3 50.31 27.06 
28.22 46.38 20.22 12.36 60.44 9.63 23.24 118.58 60.43 48.22 20.42 12.54 36.24 40.48 15.57 71.34 30.37 13.25 40.22 57.25 30.37 35.44 43.46 34.51 21.37 32.41 27.3 42.3 45.23 23.23 34.48 43.25 60.37 33.43 35.89 48.24 
12.36 75.49 18.12 48.31 59.54 17.29 35.31 62.45 23.76 23.43 23.43 15.54 15.22 23.5 8.58 27.34 44.39 33.42 30.22 42.44 12.36 31.31 52.47 29.38 33.28 50.29 12.36 18.42 25.38 59.32 29.3 25.99 38.37 21.18 73.71 23.1 
46.23 48 27.29 32.43 41.05 14.21 31.24 28.26 29.26 12.36 42.44 28.22 36.05 78.42 35.27 20.25 51.6 22.62 39.21 97.55 21.45 30.97 81.81 27.98 16.17 79.54 32.02 20.42 56.02 22.22 42.31 45.28 19.24 24.36 29.66 22.43 
20.22 70.78 40.24 34.29 54.99 12.82 24.3 34.42 17.23 35.29 22.22 12.22 25.5 47.35 16.57 19.68 31.5 22.34 34.22 34.42 60.36 26.24 34.5 44.35 92.27 105.37 30.32 30.43 26.43 18.2 19.46 48.38 67.34 32.35 49.92 59.23 
25.43 46.23 30.22 29.47 57.71 28.47 21.75 79.99 28.71 35.29 33.43 34.44 17.5 34.4 21.36 25.43 32.39 14.51 17.17 29.3 20.22 20.01 35.34 21.49 26.75 21.03 26.64 35.45 44.99 24.2 96.44 130.2 90.45 96.47 122.53 68.43 
38.46 53.57 9.63 28.54 44.61 9.63 24.33 44.43 42.55 32.99 48.27 15.52 21.2 30.97 23.85 51.48 33.43 14.29 13.16 13.86 23.35 62.3 98.39 25.46 70.27 82.6 12.36 67.35 56.36 32.22 50.53 105.23 34.19 66.29 89.43 24.4 
30.22 46.44 14.12 12.36 35.48 23.87 41.61 67.58 30.9 61 38.44 9.64 45.21 26.77 18.22 29.52 22.53 30.28 21.16 52.23 12.36 28.99 40.63 29.53 9.03 79.95 36.89 70.65 61.03 65.26 74.69 76.07 52.18 84.74 138.22 41.3 
42.23 52.24 32.23 38.72 41.49 33.48 43.51 45.53 33.19 12.36 73.28 50.45 53.34 57.49 42.47 35.54 40.27 21.25 13.16 34.44 16.22 31.31 76.32 12.36 19.59 50.5 37.28 26.22 54.04 20.22 32.24 50.35 17.23 51.5 70.11 75.35 
30.22 36.23 9.63 30.23 50.27 32.23 38.46 59.29 32.24 40.22 54.46 39.59 40.05 47.24 42.25 26.25 33.44 24.45 44.22 66.27 24.22 94.36 97.59 22.23 91.39 93.62 37.29 34.22 26.3 17.19 79.3 79.34 69.41 99.37 195.6 41.59 
24.22 94.1 9.63 31.24 88.44 23.51 13.45 62.43 21.07 48.22 39.5 8.61 32.43 37.46 29.5 36.45 30.32 21.06 71.45 77.51 16.22 61.47 58.56 12.36 82.27 107.34 31.26 121.63 123.57 36.23 135.7 143.64 14.43 141.74 182.48 26.19 
28.22 61.42 35.23 17.19 51.63 21.43 12.36 66.09 18.23 42.24 54.46 17.55 28.45 38.66 16.75 21.49 28.64 23.6 24.22 102.16 33.38 33.25 90.37 23.59 64.45 72.95 19.42 36.22 28.23 25.21 18.43 36.34 14.91 65.38 75.01 37.93 
20.42 32.22 9.63 37.24 85.41 52.36 18.03 60.6 23.33 34.23 59.34 26.43 21.54 47.48 24.17 31.44 41.5 26.45 12.22 47.04 29.23 25.24 37.26 25.32 17.24 45.11 26.43 22.22 47.46 23.21 30.32 51.49 23.24 30.34 88.59 15.16 
34.28 53.32 24.21 30.28 39.52 18.21 27.49 29.52 13.23 16.22 29.41 12.54 32.24 38.45 15.24 14.38 24.38 37.5 28.23 105.41 22.37 59.37 91.62 12.36 55.32 73.41 29.44 60.24 53.25 50.3 86.52 83.35 34.36 65.67 66.27 9.63 
42.22 42.44 18.23 33.66 39.88 17.47 23.87 69.76 18.47 41 30.24 30.23 36.63 45.49 26.45 22.82 39.1 17.2 19.17 42.43 26.22 37.01 46.65 18.45 24.22 39.65 21.42 12.36 58.34 45.25 32.8 40.55 38.66 24.81 43.85 20.65 
28.44 45.64 25.21 11.95 33.85 13.82 19.81 19.64 9.63 34.22 94.11 24.22 53.85 74.32 8.17 34.46 80.57 26.09 44.23 62.84 12.36 35.25 50.86 19.83 49.21 64.11 12.36 45.04 40.99 55.83 47.05 43.03 40.04 32.17 37.04 50.47 
30.44 30.99 26.94 27.01 29.16 13.15 26.03 21.17 24.99 127.65 145.51 26.56 115.86 129.72 24.23 113.62 292.93 34.41 9.63 41.4 30.22 29.5 102.6 12.36 75.62 76.8 41.4 43.23 44 20.28 32.48 38.52 68.38 30.35 22.72 44.36 
41.02 47.04 30.95 23.23 41.29 13.5 33.28 22.27 18.17 48.02 30.42 21.21 30.23 74.39 24.45 25.7 57.58 26.27 20.18 67.49 31.47 20.01 53.75 19.77 62.34 79.5 15.98 18.42 66.37 17.19 30.48 52.58 36.26 36.33 43.57 27.45 
12.36 37 20.47 31.48 70.84 27.24 25.99 55.2 21.42 36.48 18.47 20.28 68.36 32.48 41.26 52.57 400 31.27 20.22 34.43 18.44 8.61 99.34 23.23 19.05 81.66 24.59 24.26 41.31 30.23 38.7 95.44 25.18 67.52 95.41 9.63 
28.22 22.96 25.21 26.22 114.17 73.13 21.42 94.46 55.26 12.36 79.51 28.79 24.3 66.39 15.22 56.39 112.22 22.79 18.22 107.57 19.45 49.32 95.36 16.79 38.52 88.79 19.7 26.22 109.14 26.22 87.38 164.72 45.19 70.81 143.07 25.79 
34.28 66.37 26.23 19.68 42.79 21.46 30.74 49.63 22.49 46.01 18.22 20.28 32.22 69.53 28.28 20.21 46.74 23.26 24.18 55.34 20.44 73.06 124.5 20.47 83.11 102.69 12.36 52.24 43.02 25.21 36.45 33.35 53.32 42.23 67.2 35.47 
12.36 22.96 9.63 18.46 11.81 12.32 33.52 34.33 9.63 46.48 35.32 8.62 28.84 29.32 26.25 22.61 56.94 40.43 36.22 47.45 44.5 22.44 26.5 32.25 21.61 42.22 17.09 33.45 73.75 35.23 27.53 59.96 23.56 28.97 55.2 31.12 
12.36 27.96 17.19 24.46 27.79 46.36 29.51 81.47 28.56 56.23 19.39 34.34 40.43 46.59 35.34 70.31 26.72 33.31 47.96 67.34 43.49 37.53 44.75 21.06 34.9 43 50.07 18.22 36.22 18.23 22.73 49.26 14.3 39.21 35.91 33.23 
28.44 28.22 30.23 22.31 23.45 9.63 12.36 52.6 19.76 46.5 46.24 23.57 26.87 26.36 34.18 73.83 37.29 14.45 22.18 62.03 16.44 18.01 64.07 16.23 42.85 46.26 43.07 38.22 49.01 36.24 44.46 42.84 16.84 25.45 85.15 32.05 
12.36 34.08 18.22 31.02 21.35 13.24 18.48 45.22 9.63 42.3 43.31 24.23 25.3 27.51 25.17 24.52 28.67 13.16 49.31 74.5 16.22 74.32 82.13 22.16 61.12 74.87 35.87 36.23 66.04 13.19 18.44 52.36 67.11 30.57 29.61 44.36 
28.22 28.28 16.22 12.36 37.98 33.91 25.15 72.06 23.55 21.43 64.58 37.23 19.45 60.39 43.19 30.41 46.4 33.2 40.22 50.44 19.23 32.04 34.24 56.57 14.25 44.3 48 56.5 72.09 9.63 48.37 56.3 36.24 37.58 66.29 20.63 
43.23 68.62 24.23 23.91 46.15 9.63 25.83 32.02 50.49 30.28 50.87 12.54 14.49 38.26 30.39 59.13 24.71 14.84 24.22 66.8 45.38 35.24 54.81 29.58 29.06 39.01 19.38 18.22 36.97 28.22 40.24 109.2 16.28 71.82 91.26 21.64 
38.22 65.43 12.22 30.22 45.63 29.16 26.21 48.18 24.99 35.45 97.33 26.56 29.32 81.54 22.39 17.53 73.34 39.44 18.22 56.34 31.46 21.56 42.54 26.38 9.63 54.39 12.36 12.36 70.54 55.35 20.24 52.44 41.56 22.25 94.49 37.21 
18.42 28.97 60.24 23.52 26.02 47.96 13.73 49.8 43.45 12.36 65.24 39.01 38.05 51.38 32.26 22.18 42.98 12.25 19.17 69.55 29.47 17.21 49.76 15.8 13.05 115.72 23.56 34.22 59.08 12.29 75.3 69.43 38.54 60.93 55.56 94.38 
40.46 56.02 23.21 44.55 35.03 31.16 15.53 39.28 15.77 29.23 40.98 32.23 15.44 34.54 38.35 53.68 55.11 35.97 28.22 50.33 12.36 12.43 34.54 33.5 38.77 73.27 14.33 26.22 59.03 16.28 27.04 43.39 13.22 21.28 41.47 105.43 
24.22 26.43 15.45 20.7 41.69 13.01 28.99 37.21 27.07 37.29 32.43 20.22 23.5 65.36 30.43 43.45 51.57 60.52 13.16 60.26 12.36 49.51 66.53 21.48 37.52 54.48 29.39 71.33 73.74 38.23 64.54 65.07 28.04 59.17 87.43 12.65 
30.22 32.31 13.18 14.42 44.02 9.63 31.16 34.2 44.58 26.23 77.73 32.58 26.39 65.94 26.11 23.29 57.55 27.49 12.22 47.45 18.44 20.56 43.25 24.25 34.61 56.58 21.07 16.42 71.43 9.63 33.67 51.55 24.16 23.59 39.34 16.22 
36.46 51.52 36.21 32.32 33.72 16.41 27.55 31.15 17.14 12.36 47.45 19.55 35.49 29.78 9.64 29.36 88.49 33.65 36.23 56.35 24.22 17.21 40.56 17.51 19.25 50.41 19.42 60.5 112.47 57.36 72.96 98.68 41.57 77.14 129.29 47.92 
50.87 75.46 21.17 35.06 56.39 19.92 19.79 46.38 15.74 12.36 45.01 18.22 21.45 49.4 12.92 59.94 35.61 28.19 22.23 17 42.48 9.63 47.1 28.19 32.75 34.12 31.65 24.22 49.32 57.9 14.43 39.53 42.1 56.55 61.59 32.74 
48.24 59.35 15.19 32.45 39.55 17.01 26.45 35.37 18.26 56.5 80.09 36.33 47.35 60.29 14.52 20.12 46.08 16.04 24.22 24.22 28.46 56.26 62.43 24.54 47.5 64.76 25.56 18.42 40.23 22.23 34.03 32.24 23.25 58.11 60.21 14.34 
18.22 28.22 9.63 25.47 52.34 54.38 23.32 36.53 38.58 28.22 53.34 35.53 12.36 85.43 20.48 25.24 71.64 15.2 76.49 82.53 12.36 81.33 96.18 29.22 84.09 87.33 27.42 43.47 63.03 60.28 41.55 52.28 50.38 41.37 39.93 56.35 
46.22 62.25 22.22 36.43 48.45 24.31 24.48 71.53 21.46 12.36 26.45 36.23 33.04 13.86 20.44 62.92 32.29 14.12 34.23 45.45 18.22 17.21 27.77 25.23 35.97 56.44 15.15 32.41 78.09 79.42 47.34 60.3 61.62 40.53 52.1 57.43 
49.04 68.43 9.63 26.47 49.86 9.63 28.44 42.23 16.43 12.36 24.29 15.19 12.36 31.46 16.58 78.17 21.7 15.37 19.17 57.26 26.22 23.23 43.47 12.36 73.46 107.36 12.36 16.42 81.12 21.21 58.56 57.32 74.29 46.39 87.03 56.59 
20.26 40.23 28.21 16.26 22.42 12.81 22.47 25.35 27.18 12.36 25.41 18.22 16.41 53.83 22.67 27.3 41.29 15.52 28.23 50.28 12.36 36.33 47.3 12.36 71.37 72.52 12.36 51.28 63.04 45.17 65.33 63.07 31.28 53.55 68.22 22.08 
23.43 23.29 9.63 27.29 47.18 9.63 31.31 36.84 24.31 12.36 73.55 47.33 22.23 59.76 28.46 18.41 55.45 18.31 46.24 71.35 23.16 25.16 54.27 22.2 23.17 75.29 12.36 86.56 123.6 46.32 105.65 106.87 29.58 90.91 148.77 55.45 
22.22 51.24 15.19 24.29 41.38 22.16 27.75 24.7 14.5 18.42 37.02 26.22 30.48 30.27 29.18 37.96 33.83 43.03 26.29 46.3 39.49 13.16 32.51 25.06 66.27 64.79 12.36 66.55 66.04 20.28 63.55 67.05 56.55 81.61 79.1 40.75 
51.44 72.44 23.21 55.07 101.94 23.1 51.09 96.34 17.11 24.22 39.45 33.57 14.43 57.49 27.59 42.47 43.82 27.42 19.17 47.23 34.22 101.37 135.44 14.92 126.84 146.41 24.33 24.22 44.44 50.26 41.51 37.37 30.47 75.05 70.29 19.09 
16.42 34.23 28.22 24.48 30.02 24.26 46.88 39.58 44.48 40.46 34.43 17.55 24.83 92.28 21.52 22.43 76.49 24.21 47.23 65.32 22.22 45.06 49.53 24.24 41.08 43.34 30.26 54.23 57.27 120.45 46.25 51.29 102.65 21.3 31.07 86.44 
26.44 61.03 17.19 19.13 45.35 9.63 17.44 66.29 26.75 22.26 59.99 22.22 74.12 44.57 17.15 55.56 30.01 27.5 47.23 68.03 30.23 35.25 47.44 13.64 60.34 58.23 24.43 62.56 65.08 12.22 80.49 121.22 33 76.65 90.4 64.09 
12.36 34.23 35.23 14.76 64.28 29.32 10.58 59.03 23.97 20.42 106.44 15.19 55.52 88.63 38.23 45.15 81.18 18.95 26.22 20.23 20.22 9.63 35.73 24.24 21.33 28.49 19.51 80.38 97.11 36.24 108.48 103.17 8.63 100.49 101.5 43.22 
48.23 70.48 48.22 32.44 58.37 26.2 16.79 47.85 21.81 22.22 107.57 40.23 36.45 103.35 24.43 20.65 87.55 24.04 30.23 48.45 20.22 14.44 64.52 27.33 31.68 53.41 17.26 63.23 75.7 18.22 57.25 61.14 24.24 39.45 49.71 8.62 
18.42 18.22 16.22 25.47 42.46 9.63 19.49 70.43 19.52 44.3 55.33 42.23 28.51 39.47 26.37 18.43 79.64 20.44 47.31 81.1 12.36 44.25 65.31 18.47 33.26 54.26 12.36 80.54 101.33 22.2 130.69 133.2 52.08 204.86 205.6 37.42 
42.22 42.23 18.22 24.42 24.42 18.29 26.31 28.02 16.49 28.23 38.3 22.22 39.33 42.48 29.25 24.43 44.09 19.51 18.22 46.32 19.09 31.23 42.54 25.23 68.41 86.51 26.18 24.41 76.06 37.31 84.4 92.17 25.52 68.6 72.37 13.16 
18.22 66.04 18.22 31.95 56.41 20.23 12.36 63.27 27.36 40.46 36.23 26.22 20.82 30.73 28.53 30.79 37.77 29.59 24.22 52.34 28.42 28.33 81.7 18.48 63.42 81.88 12.36 60.25 56.03 16.12 136.63 143.55 25.96 124.64 139.58 18.17 
24.22 18.22 32.23 37.49 55.01 36.34 38.33 48.82 26.55 36.46 44.24 24.23 14.82 44.5 32.79 24.18 67.27 24.72 46.22 35.44 36.24 35.44 65.37 18.92 24.24 47.56 23.78 32.22 38.43 36.24 12.36 74.33 18.3 27.25 58.55 13.16 
12.36 20.93 16.22 30.28 25.99 14.23 12.35 26.02 20.24 18.42 105.57 26.21 44.25 85.84 28.01 32.41 103.64 34.3 26.22 24.41 22.41 24.23 30.22 19.04 25.24 69.32 26.52 36.23 59.25 119.39 48.25 49.46 114.38 73.01 85.31 94.76 
12.36 70.27 18.2 26.22 48.47 18.23 12.36 110.42 9.63 20.22 28.42 32.22 44.23 40.47 21.16 26.44 18.79 9.63 56.23 75.27 26.22 47.24 54.57 18.43 37.2 103.34 45.47 20.22 91.31 65.29 69.12 153.47 56.28 100.97 161.51 48.29 
21.43 19.29 50.26 36.31 37.17 42.39 39.65 62.47 17.86 42.78 32.42 31.16 28.99 22.05 35.18 21.92 88.98 33.11 81.05 88.39 21.45 112.33 126.44 35.11 104.35 114.65 23.69 18.42 18.95 43.32 31.92 69.17 18.58 25.01 43.52 45.46 
18.42 16.28 60.35 52.33 50.38 35.33 23.3 31.16 19.74 32.22 17.41 12.22 22.43 48.41 22.08 43.79 41.3 34.52 29.19 56.31 35.47 25.23 46.52 38.16 22.39 49.45 21.29 37.29 33.44 53.32 24.55 25.09 27.6 37.45 40.75 21.15 
12.36 50.29 55.27 12.36 46.32 39.27 34.73 56.78 43.71 28.22 50.46 20.22 44.49 31.51 47.27 21.58 40.03 34.27 39.21 46.44 12.36 49.83 50.31 20.41 32.03 32.52 26.51 18.22 31.96 9.63 30.22 55.86 9.63 16.42 77.93 12.24 
24.22 42.49 13.18 12.36 42.25 13.44 23.03 65.81 30.57 12.36 32.44 34.28 40.01 45.49 26.49 20.2 29.56 9.63 24.18 66.51 26.41 89.1 100.61 24.69 77.56 98.56 14.41 50.31 46.01 28.22 131.69 136.23 8.63 127.47 115.08 27.25 
12.36 30.97 73.34 12.36 34 51.54 19.57 13.5 45.5 93.57 110.59 36.22 73.93 94.91 20.58 63.12 80.4 11.59 42.22 50.25 28.22 58.02 65.24 35.28 62.06 65.28 16.29 16.42 24.22 16.23 46.31 40.07 14.24 36.32 58.11 29.1 
12.36 40.52 26.22 31.47 31.76 19.16 50.52 69.66 9.63 42.99 44.32 30.3 25.18 75.54 20.72 64.28 53.86 22.55 13.16 54.25 16.44 61.25 109.39 23.53 49.26 93.59 22.22 56.53 107.31 12.23 48.54 89.52 16.22 36.66 95.26 23.95 
44.28 41.33 15.19 72.34 96.31 40.97 85.9 86.03 25.17 30.23 46.23 18.22 18.86 30.44 13.16 22.68 42.44 9.63 18.22 22.41 20.23 39.25 51.49 45.22 61.8 61.54 21.2 32.22 42.73 85.36 42.45 39.74 65.55 25.64 28.26 66.42 
28.44 37.98 19.19 21.13 35.81 38.03 27 27.22 14.82 46.22 47.02 9.63 30.43 31.23 42.59 27.68 86.4 26.31 42.22 57.21 20.22 35.23 45.22 39.04 18.64 53.74 25.25 65.04 57.45 48.26 89.43 121.61 32.86 79.13 102.23 30.65 
18.22 54.23 53.24 20.23 67.29 38.89 30.06 76.57 26.48 38.78 78.27 51.05 20.98 166.48 73.3 26.49 150.68 57.5 41.17 71.29 26.21 46.27 51.49 17.48 48.39 61.34 24.25 16.22 20.95 40.24 38.23 34.01 18.67 24.24 32.06 16.26 
