4521.76
2528.59
1994.95
1961.65
1989.21
1892.24
1880.05
1901.47
1909.06
1863.77
1823.86
1822.5
1817.71
1800.6
1756.09
1774.64
1796.32
1762.89
1796.8
1730
1793.61
1794.9
1785.91
1805.35
1767.31
1807.01
1727.84
1786.18
1768.06
1803.65
1812.49
1765.04
1730.81
1775.45
1765.2
1762.13
1736.54
1702.22
1691.08
1705.44
1692.59
1664.71
1684.43
1722.29
1729.39
1700.27
1687.96
1801.08
1710.47
1729.77
1703.61
1689.55
1721.71
1712.12
1724.47
1703.2
1657.17
1725.2
1653.13
1728.98
1689.48
1679.29
1846.64
1662.05
1675.68
1695.34
1700.42
1677.72
1659.66
1666.43
1701.85
1620.48
1674.85
1689.59
1670.56
1648.99
1641.91
1699.68
1652.55
1725.4
1690.04
1711.06
1689.67
1655.22
1670.05
1661.74
1691.29
1686.37
1733.29
1670.4
1644.54
1679.87
1673.14
1680.5
1629.25
1682.62
1707.4
1721.88
1649.62
1692.74
1709.97
1694.46
1649.75
1657.51
1666.8
1753.06
1689.11
1687.64
1698.95
1697.63
1673.62
1677.41
1645.8
1666.83
1679.31
1686.95
1651.85
1645.74
1632.68
1631.86
1616.37
1658.04
1646.06
1664.69
1712.18
1702.32
1689.96
1711.58
1686.4
1639.96
1649.82
1677.81
1653.85
1676.48
1677.3
1675.35
1640.29
1662.55
1646.04
1613.02
1667.56
1622.72
1604.87
1649.58
1601.94
1604.63
1631.93
1631.78
1680.14
1609.98
1623.51
1629.76
1646.06
1643.88
1567.74
1660.81
1659.08
1590.45
1657.01
1640.31
1593.1
1625.22
1608.52
1613.01
1616.31
1634.17
1688.78
1623.7
1668.49
1689.1
1629.03
1618.04
1682.2
1657.38
1655.5
1624.59
1650.71
1665.57
1657.67
1622.02
1637.71
1632.44
1677.18
1634.86
1742.2
1662.89
1593.19
1642.98
1645.48
1628.76
1569.9
1644.98
1629.69
1664.26
1647.3
1676.56
1618.85
1615.31
1665.96
1643.11
1707.88
1676.2
1694.86
1625.01
1665.32
1610.13
1663.14
1635.09
1624.95
1657.87
1635.89
1701.56
1726.47
1678.42
1640.52
1673.28
1656.81
1605.01
1627.32
1650.32
1626.37
1630.63
1674.13
1630.64
1670.51
1627.34
1655.06
1691.99
1641.3
1630.45
1632.23
1646.54
1640.21
1597.89
1627.44
1635.1
1669.26
1627.24
1656.24
1698.07
1611.48
1659.27
1633.22
1602.33
1619.36
1620.54
1734.41
1633.45
1633.84
1679.5
1653.84
1668.73
1670.76
1630.42
1662.86
1670.93
1653.93
1633.28
1681.18
1615.64
1698.29
1673.17
1635.85
1658.8
1640.93
1683.68
1627.76
1680.84
1631.2
1653.44
1650.01
1650.44
1630.28
1646.69
1679.14
1678.01
1686.67
1679.1
1625.24
1686.97
1688.01
1654.09
1602.53
1677.4
1625.36
1701.19
1686.82
1682.31
1649.47
1649.78
1704.67
1678.81
1684.19
1669.21
1637.57
1674.17
1694.28
1748.32
1682.84
1669.81
1630.37
1614.72
1695.79
1633.83
1675.68
1663.41
1660.16
1646.38
1707.28
1680.52
1644.82
1631.72
1625.57
1659.37
1660.95
1658.6
1680.07
1673.73
1611.13
1690.44
1659.17
1646.31
1608.4
1690.73
1703.7
1661.77
1629.76
1620.12
1622.78
1606.62
1683.4
1606.43
1610.05
1646.75
1605.56
1612.82
1676.03
1613.67
1625.99
1695.97
1611.24
1643.22
1640.1
1716.33
1677.82
1664.2
1648.15
1642.48
1687.16
1668.88
1632.22
1623.85
1662.12
1680.72
1656.7
1657.17
1650.99
1643.71
1687.75
1613.6
1632.73
1613.32
1627.59
1608.53
1650.15
1673.07
1671.17
1678.23
1662.04
1640.81
1670.97
1643.77
1656.27
1609.28
1668.87
1683.28
1644.79
1650.67
1676.06
1746.46
1671.67
1737.52
1689.57
1705.97
1694.45
1702.36
1713.76
1649.19
1655.51
1678.59
1738.32
1637.38
1668.59
1675.12
1674.35
1686.91
1698.89
1669.8
1674.08
1689.86
1658.03
1652.41
1691.79
1665.09
1729.2
1627.3
1684.64
1671.37
1666.08
1641.28
1629.73
1650.46
1662.98
1665.93
1684.51
1637.43
1589.3
1646.77
1664.4
1633.45
1638.38
1629.52
1672.79
1637.17
1632.83
1638.61
1642.4
1673.77
1682.52
1664.05
1662.69
1651
1652.2
1688.83
1631.46
1680.58
1674.15
1682.84
1636.43
1631.69
1654.14
1618.83
1654.17
1643.84
1645.84
1611.37
1675.04
1626.97
1645.1
1620.8
1665.02
1662.72
1597.76
1658.92
1634.72
1607.27
1619.22
1676.51
1621.28
1619.19
1623.04
1603.96
1659.84
1639.33
1611.51
1635.25
1663.42
1630.2
1606.53
1672.1
1649.63
1634.25
1622.18
1616.49
1652.02
1672.97
1627.07
1668.35
1640.68
1642.95
1656.04
1633.26
1637.06
1630.45
1657.41
1632.07
1632.49
1653.35
1678.34
1647.68
1637.25
1630.04
1648.74
1648.59
1680.16
1635.09
1590.97
1636.48
1630.18
1620.28
