26.22 31.96 37.29 30.44 43.06 15.48 17.13 19.78 400 12.36 21.39 21.19 24.24 37.46 27.23 12.36 32.46 23.05 24.23 38.24 24.42 9.63 37.44 26.99 17.39 26.07 12.36 18.22 38.25 26.23 21.29 22.46 29.54 36.93 50.91 21.44 
24.26 18.22 23.2 26.47 18.31 400 27.42 29.98 400 12.36 47.45 24.23 31.44 32.41 19.2 32.12 43.26 23.21 9.63 36.27 21.45 9.63 42.49 24.48 18.64 40.51 17.04 38.22 35.5 21.21 18.42 33.35 18.17 20.49 30.37 9.63 
20.22 31.98 18.19 16.43 35.6 400 20.3 35.28 400 12.36 45.45 15.55 24.58 19.55 19.94 24.92 30.86 13.75 28.23 22.43 12.36 14.43 38.66 22.47 15.52 30.87 14.8 12.36 30.97 34.45 20.23 23.89 18.65 30.35 40.68 9.63 
20.42 20.22 21.93 19.18 19.04 12.54 25.03 34.99 16.77 31.45 51.33 17.55 19.82 35.47 15.52 34.67 40.43 18.12 9.63 28.29 12.36 21.5 47.26 24.12 14.9 24.44 21.9 16.42 41.51 24.3 21.3 48.61 25.16 19.86 32 39.35 
16.42 26.22 400 31.27 24.18 400 25.72 35.71 400 16.22 46.32 23.21 21.4 30.39 16.97 28.29 35.44 26.22 9.63 27.41 45.05 16.37 19.73 21.18 14.74 26.42 33.2 20.42 32.23 39.23 14.29 22.99 22.28 27.7 31.23 21.25 
20.42 25.97 9.63 12.37 17.97 25.41 21.24 15.72 400 12.36 44.3 9.63 27.47 26.44 13 33.31 36.47 13.98 9.63 25.41 22.48 18.37 21.37 19.42 26.26 31.22 18.24 16.42 34.23 13.19 14.29 41.75 15.95 22.94 30.76 18.17 
18.42 34.22 400 28.2 25.36 400 26.43 21.38 400 21.43 37.44 28.43 27.24 37.24 33.66 16.43 40.29 39.44 16.22 27.41 34.48 15.3 33.41 19.38 16.23 24.23 36.42 22.41 35.98 17.19 22.28 24.35 23.23 39.33 42.14 21.05 
16.42 13.38 53.27 25.27 15.45 40.27 30.54 30.82 400 32.23 53.26 27.25 33.25 39.4 29.68 24.45 42.25 23.44 20.22 27.41 43.47 35.21 27.4 25.59 17.38 28.33 44.51 24.26 42.24 21.19 16.44 28.45 30.26 12.36 30.98 23.11 
24.22 30.22 31.22 24.43 19.56 11.57 11.49 41.4 400 22.41 47.33 24.43 17.46 46.36 26.45 32.13 28.13 13.62 14.22 38.23 17.45 13.16 24.17 23.37 27.47 24.65 32.39 20.42 29.96 41.24 18.29 45.34 27.45 28.34 33.14 21.05 
16.42 46.05 9.63 17.22 26.25 400 16.23 31.88 400 12.36 46.45 25.21 33.24 40.39 40 20.65 42.48 30.27 16.22 31.02 49.06 34.24 44.26 29.25 16.44 28.05 12.36 22.22 42.23 21.19 22.23 30.44 33.24 18.24 41.65 24.45 
16.42 19.94 20.22 25.03 21.73 40.4 25.24 27.74 19.08 31.45 44.24 16.22 27.32 30.38 13.73 19.41 42.42 13.52 20.22 26.29 12.36 9.63 25.43 24.31 27.53 21.45 40.23 24.22 47.33 28.3 34.45 31.44 25.74 12.36 30.67 40.2 
18.42 18.22 63.26 28.29 30.23 53.47 37.35 38.47 400 36.23 56.24 17.55 32.24 42.38 24.38 12.36 44.21 23.28 14.22 27.41 20.23 9.63 35.34 12.36 14.23 21.54 16.34 28.22 31.98 24.29 12.36 47.27 24.32 32.24 37.48 24.14 
22.22 28.27 40.43 25.44 30.72 400 22.38 32.77 400 12.36 55.45 26.48 17.45 35.44 17.37 18.27 35.28 15.12 9.63 24.43 14.26 9.63 45.46 25.11 23.5 35.26 11.51 28.22 33.5 30.44 16.43 35.46 16.6 33.2 32.78 32.22 
24.22 31.96 9.63 21.23 39.83 400 29.15 32.76 400 12.36 49.45 28.23 25.47 39.34 19.82 23.32 35.49 14.82 16.22 27.41 20.22 20.44 33.96 12.36 21.44 36.18 23.77 18.42 28.23 26.23 16.46 33.33 43.26 25.95 31.45 23.87 
22.22 38.23 21.2 22.43 24.43 50.41 31.45 32.05 25.79 12.36 54.31 19.55 27.47 36.51 35.24 31.3 38.29 21.14 14.22 30.23 20.22 18.16 37.4 21.17 19.38 23.71 22.27 16.42 31.41 39.25 20.3 23.24 21.85 17.3 32.35 20.45 
14.24 40.38 26.2 20.45 24.58 8.66 16.26 21.77 400 38.23 59.74 12.51 20.85 45.92 28.57 24.46 33.92 23.18 16.22 28.25 22.36 31.45 30.45 16.98 19.17 27.84 12.36 12.36 39.24 31.26 22.23 25.45 19.47 11.72 30.32 31.97 
12.36 44.23 17.19 16.18 35.13 14.15 32.79 33.47 400 18.42 54.34 18.21 20.45 40.54 20.43 19.75 45.27 22.35 9.63 20.4 46.45 23.72 32.39 30.58 19.73 24.74 19.7 18.42 23.96 38.24 16.29 24.99 24.84 34.35 41.64 18.17 
24.22 30.43 13.91 22.99 35.13 400 25.21 29.46 400 18.42 57.03 24.22 26.46 47.24 16.21 38.78 30.06 22.3 9.63 22.4 53.03 19.25 29.48 36.44 18.01 23.7 24.56 20.26 25.96 38.24 21.02 22.99 20.63 30.83 27.22 13.47 
32.22 34.97 400 22.43 19.33 400 26.44 30.05 400 30.23 51.45 14.54 27.25 45.25 20.23 26.28 41.28 22.84 18.22 32.44 16.44 20.24 24.43 32.05 9.63 32.48 24.06 24.22 30.45 38.45 18.23 33.43 18.08 19.62 31.72 18.65 
21.43 40.24 75.69 19.5 40.24 61.89 35.06 38.25 400 36.23 56.44 14.22 16.88 35.57 25.16 27.18 34.21 16.62 18.22 29.3 22.23 22.45 24.24 16.28 17.25 26.88 15.04 30.22 36.24 17.16 14.43 27 14.22 24.63 31.36 21.06 
12.36 26.22 14.19 30.31 36.53 17.22 19.32 29.95 36.48 40.3 49.33 36.31 39.31 35.53 26.52 23.72 39.44 9.63 14.22 28.42 38.49 19.3 37.34 28.53 15.49 34.07 23.25 20.22 34.97 22.2 18.23 26 21.32 25.54 40.07 28.19 
18.22 34.98 74.69 30.37 38.75 56.83 19.87 31.2 400 18.42 46.44 24.22 30.47 26.64 16.8 19.42 28.27 24.62 9.63 38.23 25.47 16.22 35.25 27.61 14.84 27.05 23.42 32.22 28.97 36.24 16.43 28.05 20.84 24.07 36.51 21.88 
12.36 33.35 62.59 34.44 25 31.76 22.23 33.83 400 30.23 51.36 15.52 27.24 33.56 9.63 40.26 41.39 9.63 18.22 20.4 39.49 20.38 30.59 28.25 15.38 19.34 32.21 18.42 36.24 26.23 16.44 33.26 12.44 12.36 46.35 9.63 
18.22 18.99 15.19 34.28 29.86 400 19.06 35.69 400 30.23 49.45 16.54 37.46 31.77 21.85 21.39 42.3 13.82 18.22 28.42 48.89 18.38 32.39 33.02 22.4 21.84 19.81 16.42 32.24 20.2 18.29 30.46 8.65 12.36 20.04 27.67 
24.22 30.97 50.26 24.23 24.97 29.29 30.44 53.28 38.21 28.23 39.43 20.22 25.25 51.36 14.22 12.36 23.54 22.24 18.22 19.48 28.23 22.24 28.44 30.24 27.25 33.26 29.46 26.22 30.45 20.23 12.36 41.27 12.23 15.29 41.3 24.26 
24.26 25.97 46.27 23.26 42.46 26.15 27.2 20.83 14.36 16.22 54.24 14.22 29.47 34.4 17.9 26.29 37.23 9.64 22.23 27.41 24.46 9.63 31.45 14.83 11.71 21.78 20.5 46.22 33.5 17.19 32.43 48.35 33.28 28.68 32.09 40.86 
24.22 16.28 16.19 12.36 20.29 400 19.03 21.1 400 24.23 40.03 32.3 28.24 32.24 22.23 38.46 29.66 24.15 16.22 22.43 38.48 32.24 41.26 28.53 16.65 27.26 31.73 20.22 34.97 23.23 13.75 19.34 17.3 34.59 41.41 13.17 
18.42 30.43 29.21 24.5 31.99 22.29 36.39 33.12 400 18.22 40.76 22.22 35.58 23.69 14.36 36.32 24.03 25.19 9.63 30.3 22.46 9.63 35.4 26.38 21.51 29.42 15.38 16.42 35.57 14.29 20.29 49.61 9.63 25.09 25.59 28.53 
18.42 27.97 20.25 28.48 27.97 400 19.42 21.35 400 14.24 47.25 20.22 29.47 34.35 23.73 15.76 44.42 16.52 9.63 36.3 45.81 26.46 29.44 22.99 22.8 22.45 28.39 24.22 32.25 14.29 17.24 23.99 13.65 30.12 30.26 18.17 
20.42 24.43 62.53 23.24 49.32 36.51 14.24 45.13 400 14.24 55.33 20.22 31.47 41.54 15.52 29.69 41.44 20.28 20.25 25.41 36.32 24.41 32.23 25.25 9.63 31.26 31.07 20.42 34.26 21.19 23.29 20.47 25.07 31.33 37.32 13.16 
18.42 36.3 57.76 27.3 28.51 40.36 18.48 20.92 36.71 12.36 54.44 20.22 41.49 46.25 18.44 31.54 45.23 31.45 18.22 27.41 52.53 20.23 25.52 32.73 19.8 27.54 28.74 30.22 31.98 9.63 28.22 38.71 28.26 19.96 35.57 20.06 
30.28 34.43 16.19 19.45 28.99 400 26.04 39.83 400 24.23 48.32 28.22 25.25 30.53 30.28 30.4 38.46 29.55 16.22 26.49 25.46 17.87 30.45 17.47 11.45 26.78 18.06 16.22 36.24 25.29 16.23 29.26 24.24 30.54 33.37 26.97 
32.42 47.01 13.16 22.26 31.33 26.25 17.45 16.58 400 28.23 38.82 22.28 26.24 53.72 14.53 12.36 33.87 17.49 18.22 24.4 18.44 38.27 41.29 16.47 32.48 28.85 29.91 20.22 30.97 30.27 20.23 36.49 38.21 12.36 30.39 21.71 
28.22 20.99 18.92 28.58 35.81 400 38.62 43.84 400 16.42 47.46 14.54 28.3 37.79 22.85 21.9 53.28 23.28 9.63 20.77 24.85 27.5 32.66 18.48 12.31 28.69 29.44 20.22 30.97 30.64 20.23 23.3 27.03 31.02 36.41 25.05 
12.36 28.97 14.19 12.36 28.22 400 28.14 27.17 400 26.23 56.24 16.21 25.3 38.44 26.43 21.3 41.36 17.57 14.22 28.23 28.23 33.31 45.02 18.48 9.63 27.03 20.32 22.22 32.97 24.2 20.23 17.34 21.17 37.35 33.34 24.02 
20.22 34.23 400 36.29 35.5 400 32.24 36.26 400 18.42 56.34 12.54 33.5 36.54 9.63 24.45 30.3 16.09 22.22 28.42 16.22 9.63 38.23 25.42 9.63 39.54 12.36 21.43 35.5 46.3 12.36 33.51 28.5 30.23 34.27 18.99 
36.43 29.31 63.32 22.42 19.28 29.21 18.96 32.94 400 24.23 50.49 12.54 20.46 40.3 29.18 18.28 33.07 27.54 18.22 34.22 20.22 20.24 26.6 34.29 16.28 33.02 18.49 24.26 30.45 23.16 24.27 30.54 22.23 18.27 36.42 29.13 
14.24 38.52 22.2 25.26 36.54 28.22 14.69 31.49 400 18.42 49.45 28.28 27.28 37.21 22.6 24.42 32.33 18.62 22.22 20.4 16.44 21.17 28.45 23.55 15.52 28.3 26.59 22.22 32.97 24.25 24.23 22.15 12.46 12.36 31.23 20.97 
26.22 34.23 32.29 20.22 47.26 26.24 22.43 25.24 400 28.23 56.52 18.22 24.25 40.32 24.24 36.47 36.34 31.27 16.22 23.95 46.5 17.14 44.19 34.18 22.39 38.2 19.52 20.42 32.24 28.23 20.29 36.26 30.24 22.3 33.47 25.25 
22.22 28.95 31.02 17.16 31.75 400 18.2 37.37 400 35.5 58.34 16.54 25.61 44.54 26.81 17.47 34.48 25.97 9.63 30.23 18.44 33.72 46.35 24.48 11.85 24.47 12.36 20.22 39.51 31.24 22.23 25.72 27.24 12.36 36.45 32.77 
30.28 30.23 50.2 22.42 27 32.54 18.48 19.22 400 28.23 42.33 9.64 25.25 30.54 33.28 34.29 35.43 22.49 16.22 28.49 16.22 18.24 36.23 29.16 13.15 23.41 23.04 21.43 32.45 21.29 16.46 41.16 20.28 14.53 26.26 28.29 
12.36 27.97 50.26 24.42 30.23 28.09 26.74 23.03 13.47 26.23 33.43 12.21 36.46 33.46 9.63 22.61 39.44 13.89 18.22 28.42 22.23 20.24 21.07 20.23 14.45 28.47 21.44 26.22 32.45 36.24 12.36 39.21 14.83 11.3 40.05 13.16 
30.28 29.43 400 26.49 25.94 400 17.4 40.76 400 12.36 48.44 9.56 21.45 38.65 19.39 29.49 46.22 19.33 22.22 30.49 55.23 9.63 28.71 41.44 23.32 38.34 31.03 32.22 43.32 17.19 17.22 26.32 24.3 25.24 25.04 16.54 
18.42 28.43 66.35 20.28 36.43 46.54 19.49 22.9 400 12.36 44.29 26.22 31.47 28.43 16.37 27.22 41.07 16.37 20.23 26.5 24.46 18.4 27.45 27.39 9.63 32.46 32.4 22.26 34.24 17.19 16.28 35.34 30.51 23.11 36.15 22.32 
16.42 42 400 23.29 25.09 400 28.98 28.5 400 12.36 43.3 23.21 31.42 37.68 18.2 22.41 38.43 14.26 24.23 27.41 31.47 9.63 27.52 16.76 9.63 26.39 21.26 21.43 28.97 13.19 29.51 34.02 18.32 17.68 25.25 13.66 
24.26 36.3 28.95 31.22 30.51 55.21 23.25 20.92 30.3 12.36 40.24 30.51 25.47 34.67 24.45 26.71 23.65 25.74 9.63 39.02 24.22 9.63 36.33 32.52 19.12 21.25 24.33 18.22 35.51 17.19 20.41 37.53 24.03 16.44 40.96 9.63 
12.36 32.23 36.3 18.26 35.24 14.48 34.05 27.04 400 28.23 47.52 34.23 20.24 33.48 25.41 46.47 33.54 23.66 20.22 22.4 12.36 18.24 42.41 23.42 24.4 26.99 25.24 16.42 46.26 20.2 14.29 32.46 24.23 17.29 37.48 25.05 
22.41 37.31 36.23 26.23 37.53 38.7 23.9 22.77 400 32.23 62.25 16.54 16.44 46.46 25.52 12.36 45.7 21.52 16.22 36.03 44.53 26.79 32.25 28.73 23 30.27 18.53 20.22 30.97 20.2 16.23 31.01 24.09 12.36 38.9 20.97 
12.36 26.95 14.19 21.23 22.81 400 37.1 37.71 400 24.23 52.04 20.21 22.24 34.24 27.83 18.41 35.06 21.85 18.22 32.23 17.09 20.24 31.38 32.77 13.78 32.68 22.05 26.22 36.04 26.2 15.43 21.34 19.24 18.03 27.41 22.66 
21.43 26.97 23.21 21.51 34.8 400 17.17 25.27 400 20.42 58.3 28.22 26.46 42.51 19.72 39.24 43.06 12.81 26.22 29.3 42.5 9.63 36.46 35.75 21.72 28.47 17.95 16.42 35.57 18.2 22.29 21.78 45.55 29.74 33.23 27.18 
24.22 44.32 400 28.02 32.52 400 28.94 44.27 400 30.23 45.45 12.22 20.46 34.11 18.72 25.54 36.47 23.75 18.22 19.48 24.23 9.63 32.24 28.49 16.53 29.25 19.42 28.22 40.33 18.2 12.36 30.54 19.02 25.43 37.57 15.96 
34.43 42 18.2 21.46 33.24 400 40.29 41.98 400 16.42 32.42 16.22 24.3 54.32 16.23 22.1 33.41 9.63 22.22 30.22 44.24 28.3 43.37 38.47 9.63 22.49 19.63 20.22 30.97 17.19 11.34 19.34 39.26 18.28 31.32 28.76 
22.41 21.96 18.28 28.93 19.99 41.27 26.06 21.61 27 30.23 37.43 29.23 18.46 34.46 17.38 12.36 35.78 19.11 16.22 21.06 22.46 28.47 35.89 12.36 16.47 32.92 26.47 16.42 42.33 26.93 12.36 56.25 28.95 25.61 37.99 25.69 
22.41 24.44 42.25 12.36 38.02 18.63 23.05 27.83 400 26.23 42.23 22.23 22.46 30.44 17.5 31.44 37.42 16.31 16.22 31.29 12.36 30.45 38.39 12.36 24.39 24.78 19.42 16.42 36.24 13.19 12.36 48.46 16.17 20.18 22.96 30.2 
12.36 25.96 400 20.22 47.97 400 21.43 29.32 400 16.42 40.33 27.78 17.29 18.67 20.73 26.63 49.14 9.63 9.63 22.4 18.44 20.29 38.31 25.79 17.3 30.42 17.7 28.22 27.95 18.28 20.46 31.52 20.21 27.78 26.46 40.98 
20.22 29.38 86.4 25.49 34.18 64.55 30.58 33.1 400 20.26 34.44 20.22 33.15 44.47 12.41 21.89 30.08 25.08 16.22 31.29 39.22 14.27 24.43 23.42 13.94 35.33 18.36 24.22 25.33 13.19 20.23 44.19 22.52 12.36 38.23 26.55 
12.36 51.04 400 18.26 41.96 400 28.33 39.98 400 32.23 37.43 23.2 21.24 35.48 15.08 19.21 35.27 25.11 20.22 24.4 14.26 9.63 24.43 20.47 21.25 26.47 26.45 26.22 29.24 13.19 31.44 47.23 42.31 26.5 28.67 15.82 
28.22 25.49 400 21.46 29.49 400 18.22 30.04 400 18.42 44.44 9.62 20.46 35.33 22.46 31.53 31.38 24.62 20.22 24.43 48.51 9.63 26.38 36.65 19.63 27.24 26.44 20.42 39.5 19.19 16.44 27.71 33.05 23.06 39.48 23.06 
16.22 54.33 23.93 17.43 32.47 24.78 22.24 34.78 400 20.42 36.82 24.22 24.29 15.18 31.06 33.25 35.22 22.35 9.63 35.29 12.36 20.29 39.51 20.31 9.63 20 23.73 24.22 33.98 15.19 20.23 45.51 21.5 19.83 29.71 18.42 
18.22 46.01 32.3 32.24 30.37 400 25.29 26.74 400 16.42 48.31 14.22 20.45 34.51 22.22 19.5 40.48 15.22 22.22 24.4 48.24 9.63 37.25 26.43 21.44 25.19 30.25 18.22 39.51 24.23 16.23 22.14 24.24 30.52 33.54 18.17 
22.22 46 46.25 35.24 41.41 22.83 23.24 29.41 33.2 22.23 52.24 14.22 28.25 38.44 16.21 30.24 36.47 13.58 16.22 34.24 46.24 14.24 26.44 27.37 17.18 25.47 39.46 21.43 28.97 14.23 12.36 39.27 16.24 20.24 40.12 27.11 
26.22 56.31 42.44 26.23 32.5 20.63 15.54 37.03 14.5 30.23 46.44 18.22 27.1 41.45 18.29 19.24 44.66 22.3 18.22 24.4 43.49 26.3 37.26 19.64 12.96 29.87 15.91 30.22 36.51 22.23 16.43 29.25 22.24 15.57 33.97 15.18 
20.42 22.96 72.3 19.49 36.33 57.78 21.91 26.29 400 14.24 26.22 16.22 34.24 51.56 16.22 19.52 63.93 32.88 18.22 31.29 18.28 12.23 27.71 30 17.94 23.23 20.01 30.87 44.25 25.71 22.73 24.39 22.18 21.27 37.18 8.67 
16.42 44.33 24.23 17.26 42.35 26.24 26.93 21.99 400 24.23 50.25 18.2 28.73 59.84 27.29 20.44 38.25 25.31 14.22 23.41 20.45 16.21 31.28 12.36 9.63 25.26 22.69 20.22 32.97 9.63 16.23 45.03 23.29 22.65 29.29 38.21 
22.22 42.39 20.22 18.45 26.59 33.46 22.33 50.09 14.07 46.8 60.48 18.56 19.99 32.58 22.16 12.36 38.42 24.55 16.22 22.43 18.44 22.21 39.46 47.63 8.98 24.12 25.61 20.22 30.97 19.23 32.24 32 20.33 16.36 24.86 15.96 
12.36 45.04 34.24 34.31 31.24 16.43 15.95 39.52 9.63 30.23 44.45 27.21 33.3 30.77 35.05 13.5 33.47 19.25 20.22 24.4 44.05 31.8 46.35 22.24 13.39 33.97 12.36 22.22 34.97 28.23 22.23 21.34 43.35 12.36 39.84 26.74 
22.22 18.28 64.28 16.43 19.7 50.05 29.18 32.76 400 16.22 48.28 26.29 23.29 25.06 9.63 25.29 44.12 9.63 9.63 20.43 24.28 9.63 31.4 20.43 9.63 28.62 27.68 22.26 33.5 26.45 16.34 45.17 20.38 15.7 20.09 15.98 
20.42 18.28 13.16 22.27 29.96 37.03 25.28 20.02 20.36 14.24 54.05 23.23 22.26 40.19 27.25 33.21 44.43 21.54 9.63 28.29 20.22 18.25 45.32 29.17 20.2 30.73 28.54 18.42 23.35 24.17 19.42 51.3 20.23 29.05 37.5 20.17 
12.36 30.97 22.2 12.37 34.8 40.26 19.42 47.65 19.27 26.23 50.53 20.28 20.45 38.53 22.79 32.3 39.35 14.6 16.22 20.4 16.44 25.45 36.45 27.81 9.63 30.18 33.56 20.22 32.97 28.23 22.23 27.25 14.44 20.25 40.96 11.87 
16.42 42.01 49.51 16.45 42.04 31.5 20.95 46.96 20.19 12.36 42.29 18.22 27.47 24.43 17.43 33.5 39.4 13.41 18.22 31.29 12.36 18.23 29.4 22.17 9.63 30.01 26.99 22.26 30.44 15.19 14.28 39.46 15.22 24.5 27.57 13.05 
14.24 22.93 34.3 26.99 37.53 20.44 12.36 30.96 12.44 20.42 28.29 26.77 26.26 57.48 24.97 18.44 49.49 22.37 9.63 20.4 17.45 30.23 37.25 27.23 24.04 31.06 23.76 16.42 34.19 21.21 12.36 33.74 36.7 21.94 57.61 25.55 
18.42 27.5 44.45 22.29 24.51 22.64 17.51 28.44 400 12.36 22.43 9.63 27.47 28.37 11.64 17.77 32.28 25.67 16.22 27.41 24.51 13.16 44.13 18.3 18.49 24.12 22.44 24.22 32.23 27.29 16.44 30.91 25.03 20.2 32.44 13.02 
18.42 22.22 31.22 17.43 37.95 16.76 14.31 35.6 400 21.43 44.3 20.56 28.72 34.44 20.16 16.41 43.47 15.53 16.22 32.3 26.23 24.3 29.25 22.42 20.86 27.41 20.8 20.42 38.51 20.29 18.29 36.73 13.3 26.5 30.95 39.48 
18.42 18.22 14.19 22.49 32.18 400 18.27 20.98 400 12.36 56.24 19.55 38.32 42.38 23.52 22.46 44.21 20.17 18.22 38.29 26.23 14.27 33.32 26.23 19.5 29.35 29.26 12.36 38.29 25.21 20.23 29.3 42.36 26.24 29.03 26.56 
26.22 11.85 33.31 29.24 33.46 19.52 30.05 30.26 400 12.36 49.45 30.23 25.47 27.77 26.24 28.64 51.79 14.64 14.22 41.04 12.36 28.23 43.19 19.16 27.56 34.98 23.96 21.43 42.44 25.21 17.45 36.95 26.04 29.5 38.47 29.06 
20.42 32.22 35.23 24.22 24.42 25.29 22.23 26.57 17.53 12.36 48.53 28.43 25.47 37.31 20.64 28.8 38.29 16.38 22.23 32.44 12.36 18.38 21.37 19.37 21.94 30.29 12.36 20.42 36.24 18.22 16.29 30.19 9.63 22.32 34.83 25.14 
12.36 28.97 59.36 25.48 21.32 33.54 15.4 30.94 400 24.23 42.23 9.63 22.24 45.48 20.75 18.45 36.33 15.52 18.22 22.4 22.22 20.24 28.44 20.47 22.25 37.33 38.37 26.22 30.04 44.31 12.36 32.47 24.51 17.67 27.78 19.35 
12.36 24.43 24.23 26.23 36.35 13.16 19.43 24.35 400 30.23 57.02 12.21 26.24 41.22 15.22 35.83 35.48 18.55 20.22 22.4 19.23 21.87 37.25 20.48 26.82 33.28 36.62 12.36 34.24 24.23 12.36 25.99 23.23 32.02 29.83 9.63 
14.24 22.65 24.23 28.46 27 20.02 20.04 29.64 400 32.23 42.24 15.52 42.43 52.24 9.63 35.44 26.63 14.51 18.22 38.26 21.35 20.24 38.06 49.37 22.44 40.1 29.57 26.22 36.45 22.25 12.36 45.55 17.1 27.11 31.17 13.65 
22.41 26.97 30.22 12.36 20.97 400 37 40.79 400 26.23 33.43 34.23 12.36 37.55 27.44 22.49 36.27 29.26 16.22 21.06 26.21 22.5 28.45 12.36 28.72 36.49 19.42 18.22 36.3 20.2 12.36 38.52 34.25 24.24 36.38 22.25 
34.43 38.23 22.22 23.43 23.23 43.67 17.88 28.64 29.87 24.23 40.24 30.44 26.48 44.28 21.24 24.65 40.23 23.23 18.22 32.22 24.22 9.63 33.23 29.23 25.85 26.45 25.33 12.36 30.97 29.23 17.45 16.15 20.24 14.44 39.89 13.24 
20.42 27.4 25.17 19.49 18.42 31.67 29.78 16.78 400 18.22 41.43 20.22 27.47 25.69 16.43 16.52 35.42 26.99 9.63 29.29 22.45 30.79 39.46 22.25 11.1 34.1 27.83 16.22 32.97 17.19 11.34 52.83 37.26 18.8 32.02 19.51 
22.22 25.96 38.23 19.23 20.7 21.57 27.97 30.98 400 12.36 33.51 30.23 24.47 46.54 25.22 17.34 28.73 17.44 9.63 24.43 30.22 9.63 20.52 25.16 26.23 42 29.98 21.43 35.5 17.23 19.3 33.51 19.25 21.51 31.53 16.24 
22.26 36.22 22.2 12.36 29.98 14.2 15.27 27.07 22.36 12.36 28.8 28.43 21.42 43.43 18.54 30.14 49.3 15.52 20.23 25.28 35.44 23.16 34.86 44.43 17.11 20.41 30.64 20.22 34.97 22.27 24.23 21.34 37.3 19.31 35.03 25.05 
12.36 40.22 40.3 31.17 32.95 18.44 36.61 36.98 400 16.42 43.31 28.42 26.47 43.52 32.44 22.28 37.12 26.25 9.63 34.24 38.49 34.43 44.4 27.37 24.44 25.39 12.36 20.42 50.29 28.23 20.29 40.31 30.46 33.32 36.13 25.26 
12.36 40.23 81.04 32.96 45.38 73.33 28.16 36.18 400 27.5 49.33 32.43 22.51 31.53 26.43 45.37 27.54 26.66 9.63 24.4 24.22 17.51 39.18 21.41 20.74 29.19 19.42 21.43 33.72 24.23 17.3 24 20.24 19.32 49.68 16.05 
16.22 18.94 27.96 23.96 27.93 400 21.96 28.09 400 16.42 59.25 8.62 18.45 41.45 23.23 30.82 32.48 8.98 9.63 22.4 18.44 9.63 32.45 19.47 23.81 25.47 21.51 20.22 40.3 28.23 24.23 30.51 18.44 14.44 26.92 38.21 
32.22 36.37 62.46 17.46 31.69 34.64 24.29 15.33 400 26.23 56.45 16.54 12.36 46.46 20.58 18.25 33.42 18.53 14.22 28.42 43.59 18.24 26.45 25.79 14.25 38.3 23.41 18.22 26.24 34.29 20.23 24.08 24.09 20.09 30.87 21.91 
12.36 21.19 28.95 18.18 36.8 400 23.42 25.83 400 21.5 38.24 32.06 16.45 31.82 21.84 29.26 37.05 20.65 9.63 22.4 35.06 16.27 36.45 29.07 24.5 27.48 27.09 12.36 40.29 32.27 19.45 26.5 16.48 32.42 37.68 25.65 
12.36 18.99 400 12.37 49.34 400 28.02 33.17 400 18.42 49.45 12.53 20.45 33.65 9.63 25.33 28.48 27.55 24.22 20.4 52.53 12.43 38.24 42.74 22.6 32.24 30.33 34.22 38.44 24.23 16.43 22.99 19.61 30.84 39.23 15.97 
21.43 30.23 73.31 31.49 50.45 62.14 38.27 52.48 400 16.42 32.42 14.22 24.46 52.58 17.36 23.41 39.3 31.85 22.22 25.3 31.47 9.63 24.44 13.78 9.63 29.27 21.4 22.41 35.5 12.22 22.47 30.01 22.15 18.88 34.78 26.88 
22.41 21.96 20.28 27.05 43.35 400 31.97 36.04 400 28.23 44.3 14.22 27.25 26.51 24.27 14.75 40.84 18.5 16.22 21.06 22.46 20.17 39.02 16.41 9.64 34.83 28.25 16.42 33.4 24.93 32.51 41.58 9.63 23.4 29.69 17.98 
20.22 37.99 22.2 15.76 29.81 400 17.06 24.55 400 34.28 52.24 18.22 35.31 36.44 15.56 15.45 33.95 16.42 18.22 24.4 48.83 9.63 31.46 31.03 9.63 29.66 30.65 18.22 32.97 24.28 26.23 23.34 36.25 34.45 39.53 25.07 
12.36 50.76 56.99 26.99 35.69 39.19 30.21 29.49 400 29.5 37.43 22.2 30.47 27.96 34.93 14.8 42.46 21.35 9.63 26.4 30.22 9.63 28.48 14.82 19.65 31.28 19.42 20.42 37.51 9.63 12.36 43.22 21.28 16.03 29.21 31.58 
21.43 21.29 54.9 20.37 25.1 38.32 32.19 26.92 400 18.42 24.43 18.22 26.46 43.17 25.37 24.69 43.7 15.92 9.63 32.23 33.16 26.29 35.83 27.97 11.77 45.16 23.27 28.22 44.5 22.22 28.44 36.51 16.21 12.36 39.81 18.17 
12.36 18.93 68.3 28.44 22.9 60.29 19.14 13.86 400 16.42 30.43 24.28 16.45 55.5 26.83 12.36 34.81 16.12 28.29 36.23 16.28 9.63 27.45 30.84 25.17 24.39 30.29 30.22 31.98 31.24 28.32 24.94 22.18 12.36 28.66 15.86 
26.22 19.29 16.22 21.46 17.31 400 27.54 22.11 400 28.23 50.31 26.31 19.42 56.15 20.12 31.42 37.45 15.03 14.22 22.43 16.44 9.63 37.34 18.3 14.37 27.48 36.47 26.22 44.24 16.18 28.3 26.45 25.25 36.24 37.4 28.19 
14.24 24.22 30.22 28.21 34.75 31.81 22.02 28.57 400 32.23 19.39 22.2 18.41 39.68 29.17 12.36 26.01 28.99 18.22 38.01 19.08 39.63 35.42 28.16 25.07 26.7 20.2 20.22 52.45 14.18 22.73 36.66 14.21 12.36 28.14 12.5 
31.46 40.45 36.24 24.3 36.25 33.25 18.31 18.78 400 28.23 22.23 20.22 32.25 44.26 20.96 26.45 44.4 18.15 20.22 26.4 26.23 18.23 28.51 23.23 28.46 26.33 32.52 12.36 50.26 9.63 24.24 28.46 22.17 26.45 29.45 26.34 
