26.22 29.23 14.22 30.45 37.45 26.17 22.27 40.02 13.42 34.22 36.44 19.52 24.43 37.35 39.24 20.47 41.35 20.22 27.19 38.24 22.22 35.3 30.46 25.28 25.04 28.27 24.55 36.23 31.29 26.23 34.45 31.51 12.23 25.5 25.36 21.27 
25.43 30.48 31.95 27.23 28.73 14.15 28.69 24.54 28.68 31.5 36.43 8.61 30.52 23.45 28.25 25.41 24.04 26.75 9.63 36.3 31.47 29.51 43.77 21.84 27.73 51.81 15.71 38.22 37.72 12.22 26.48 29.68 9.63 28.26 24.35 9.63 
21.43 21.97 28.22 30.3 34.33 26.05 22.51 22.45 21.86 36.23 32.43 12.22 30.24 38.79 32.19 20.43 45.04 23.19 28.22 36.43 32.23 15.55 42.32 28.24 30.25 38.29 19.52 38.22 26.3 20.22 30.48 36.45 26.3 33.06 26.36 15.3 
34.22 34.37 35.16 27.16 28.73 25.37 25.9 26.73 28.8 26.44 28.43 12.54 14.81 33.66 26.25 20.29 26.45 20.06 9.63 40.23 12.36 17.5 36.45 33.13 29.52 46.08 21.94 30.22 27.71 9.63 31.44 30.19 30.3 24.36 24.22 19.05 
28.22 28.43 13.16 36.3 36.45 35.35 22.43 37.78 27.09 34.22 34.31 18.22 26.48 34.34 27.74 30.45 32.5 26.21 27.19 32.43 36.44 30.31 32.22 26.36 21.17 32.22 32.37 30.44 38.3 19.19 32.48 30.52 9.63 32.15 23.31 29.12 
34.22 28.43 36.44 21.48 36.29 22.44 19.3 35.06 19.27 28.44 30.43 20.22 14.81 38.66 8.58 33.24 35.6 18.38 27.19 30.43 32.44 27.24 24.25 23.24 15.04 31.3 28.07 30.22 29.23 13.19 42.45 52.26 16.08 35.25 30.24 15.04 
32.22 34.48 26.21 32.43 28.49 31.04 20.44 26.41 26.75 26.44 34.43 8.61 28.48 42.26 12.57 13.87 34.27 21.34 16.22 48.23 34.49 36.35 34.25 19.68 22.74 32.46 27.72 36.22 30.23 17.19 48.05 40.56 22.97 41.81 32.11 20.98 
30.22 34.43 36.32 28.3 28.01 28.27 25.45 37.25 24.55 30.22 32.31 26.22 18.43 40.55 14.43 30.98 24.47 23.18 25.19 32.43 29.47 27.23 44.32 26.36 25.17 28.4 34.4 30.44 35.29 21.19 50.34 58.07 32.31 42.35 38.06 23.1 
23.43 30.22 28.22 27.52 39.26 30.34 23.52 36.28 27.36 33.23 24.43 26.22 28.16 41.49 25.53 16.15 35.42 11.53 28.22 39.31 30.23 23.23 32.11 31.05 23.44 29.22 33.18 34.22 30.3 23.3 34.48 38.25 26.32 44.37 37.26 25.32 
22.41 28.37 24.22 30.3 42.41 28.34 27.32 38.23 18.5 29.09 34.43 12.54 15.46 42.35 18.52 17.68 37.78 23.33 25.19 30.43 40.38 35.24 38.34 26.59 29.07 34.55 29.44 38.22 33.23 21.19 36.48 39.45 25.23 42.22 32.29 23.18 
28.22 32.3 22.21 12.37 39.1 16.03 17.27 38.16 15.09 27.09 27.42 15.52 15.46 37.06 14.53 25.41 41.09 16.6 20.22 34.43 12.36 22.23 48.26 24.31 19.5 47.23 26.49 26.44 28.44 28.23 24.47 19.21 29.18 16.42 13.38 27.21 
32.22 25.97 28.22 28.44 30.01 18.83 27.92 29.35 28.46 34.22 25.42 12.54 20.43 29.46 28.34 22.29 40.69 23.94 27.19 38.23 29.47 26.23 24.98 34.29 31.01 28.38 30.29 26.44 29.23 9.63 24.48 34.19 15.66 30.94 32.71 22.83 
21.43 30.48 32.01 33.02 32.08 26.83 22.03 29.38 28.13 28.44 29.42 24.27 14.81 33.51 15.52 12.36 31.47 17.29 9.63 36.43 14.26 23.5 45.32 12.36 26.15 48.29 19.42 28.44 33.71 20.22 39.3 38.4 22.08 37.07 31.34 19.19 
24.22 32.23 28.22 30.45 38.41 33.34 15.83 36.48 16.31 28.44 32.43 15.52 21.23 34.34 12.57 32.19 43.17 18.2 34.22 44.24 20.22 29.23 36.46 31.2 19.46 30.57 25.32 34.22 28.43 26.23 26.48 20.33 27.25 24.5 27.03 13.69 
21.43 23.4 33.31 36.3 34.24 27.24 24.33 38.1 24.31 28.44 40.51 20.22 14.81 35.53 12.57 33.21 31.48 8.62 25.19 28.43 35.23 29.24 32.47 23.44 33.27 31.41 28.97 40.3 25.23 12.22 33.32 22.33 9.63 25.51 20.2 32.34 
25.43 38.37 22.22 36.29 35.38 18.21 39.34 33.2 20.03 38.23 36.44 12.54 22.44 34.26 15.78 15.65 38.41 11.32 16.22 32.43 38.38 38.46 25.01 26.59 13.22 36.5 38.44 40.23 30.3 19.19 38.05 42.67 25.23 54.13 46.35 30.17 
26.41 29.4 18.22 38.29 32.01 16.22 27.5 29.05 27.06 34.22 30.44 18.22 18.43 29.46 19.25 16.42 41.31 25.79 25.19 30.43 27.47 33.24 36.3 29.12 27.65 34.22 28.28 36.23 31.23 30.28 30.48 33.45 17.22 29.51 28.59 15.7 
23.43 30.43 29.16 27.23 30.73 15.77 26.72 25.34 26.02 37.5 29.42 24.22 27.71 38.48 19.5 16.63 27.88 32.4 9.63 36.3 34.44 37.73 32.47 20.56 35.68 34.46 29.44 26.44 26.3 19.3 32.27 52.96 13.16 32.29 29.15 29.65 
32.22 34.37 24.22 44.44 35.94 21.24 23.77 31.88 31 31.09 40.44 14.54 23.29 47.46 29.73 16.47 35.47 20.61 32.22 44.23 35.31 37.3 40.34 17.51 28.51 31.35 36.96 40.23 26.43 9.63 41.25 27.36 29.11 19.54 35.85 23.58 
21.43 25.97 12.22 25.48 41.81 26.45 34.08 34.74 35.39 34.22 30.44 14.22 28.48 27.45 30.01 33.27 32.55 32.53 25.19 30.43 37.8 21.22 22.24 24.59 9.63 37.3 16.3 32.23 34.3 12.22 28.48 25.31 9.63 29.89 22.77 24.53 
37.02 26.22 38.44 28.52 31.55 27.85 29.66 29.49 9.63 35.29 28.43 37.34 33.3 35.45 33.46 36.04 25.65 28.28 25.19 28.96 25.47 21.42 28.31 27.34 25.11 40.24 37.26 36.22 30.3 17.19 30.48 35.31 9.63 27.47 17.04 28.24 
34.22 32.43 16.22 32.3 34.45 13.42 23.02 23.21 25.18 37.29 34.44 24.22 23.5 36.35 8.58 33.28 26.48 24.21 25.19 28.43 32.44 19.22 46.12 22.63 17.5 46.25 12.36 34.23 24.3 9.63 28.48 33.33 9.63 34.14 22.15 31.12 
26.22 34.3 9.63 26.45 27.32 30.14 14.37 39.41 18.31 28.44 26.22 15.52 13.9 32.34 29.32 23.17 24.54 24.33 34.22 36.24 33.31 23.95 29.97 32.48 23.4 32.17 28.25 31.5 34.43 28.23 36.48 32.34 25.25 46.24 44.24 22.17 
36.22 25.97 12.22 32.3 29.82 24.04 23.31 27.02 27.13 30.44 34.44 16.54 14.81 31.35 18.58 23.32 37.16 12.53 32.22 28.43 34.81 23.22 37.31 32.62 25.04 33.12 29.89 34.23 30.43 15.19 34.45 32.34 23.23 40.37 41.78 22.73 
24.22 25.4 9.63 28.45 28.24 28.53 29.32 29.44 18.74 28.44 34.31 20.22 21.23 28.52 38.23 26.03 37.29 20.54 32.22 36.24 37.23 43.24 38.47 21.35 29.38 38.28 34.96 26.44 26.43 20.23 30.32 28.44 26.26 18.53 28.03 21.28 
25.43 41.31 28.22 28.3 33.74 21.24 22.33 26.94 25.46 36.22 46.43 14.54 22.43 36.45 15.51 26.44 28.4 35.71 25.19 32.43 29.47 29.23 36.47 25.73 37.16 44.51 25.51 46.22 33.23 20.22 40.24 43.06 21.08 42.13 36.93 20.81 
23.43 38.51 31.3 28.29 41.2 21.18 20.45 42.33 20.31 28.44 38.51 32.3 21.29 35.53 20.24 30.51 33.69 16.17 16.22 34.43 18.22 14.23 43.32 17.31 15.59 38.26 26.23 44.3 32.44 24.22 43.32 32.34 17.22 41.55 23.18 30.33 
23.43 30.43 20.22 31.48 42.45 23.31 28.27 26.97 27.19 30.44 42.51 22.22 19.29 32.46 12.57 29.1 31.39 8.62 32.22 30.43 34.44 33.3 28.46 33.34 13.16 36.3 21.14 40.3 24.43 14.22 32.25 31.51 12.08 26.3 25.31 34.13 
23.43 27.97 9.63 31.16 28.73 28.07 18.06 34.79 26.1 33.5 36.99 20.22 19.71 46.35 22.58 25.5 40.57 22.41 9.63 38.23 44.41 21.29 35.91 28.06 26.49 31.73 31.26 38.78 31.5 14.22 28.48 24.33 15.66 36.79 33.79 24.09 
34.22 43.31 12.22 28.44 30.39 24.04 17.74 27.2 25.15 30.44 38.44 18.54 18.81 35.46 25.52 20.43 36.29 16.38 34.22 38.23 35.73 22.17 31.24 23.28 25.34 26.18 19.68 40.23 34.43 21.19 34.48 42.45 25.09 37.94 39.53 9.63 
34.22 34.37 16.22 30.3 32.41 26.45 23.31 39.48 23.52 31.09 34.44 18.54 19.46 44.46 18.58 12.36 34.19 15.52 36.22 32.43 12.36 32.44 37.31 34.19 25.17 37.13 36.22 32.23 28.43 9.63 24.47 20.19 26.05 24.29 19.17 25.11 
30.22 34.43 28.22 28.44 36.86 16.83 23.97 28.91 20.3 28.44 36.43 28.22 38 28.72 26.64 22.2 27.58 27.67 36.22 38.23 28.41 26.17 33.25 16.78 23.44 32.45 23.18 38.22 34.43 15.19 32.05 51.23 23.24 36.52 31.38 18.83 
28.22 24.44 24.22 23.24 36.41 20.34 13.68 35.68 23.61 29.09 36.43 22.23 21.23 40.35 12.57 23.99 25.55 30.42 34.22 34.43 12.36 30.17 41.25 24.41 31.79 35.46 36.33 40.22 30.43 32.23 28.48 28.33 9.63 26.18 18.02 25.11 
28.22 27.97 28.94 29.03 32.53 24.97 25.06 44.38 18.79 26.44 30.43 14.54 16.81 35.46 21.79 18.47 43.36 27.74 9.63 32.43 31.47 33.51 32.47 25.29 19.44 26.38 24.44 34.22 29.5 30.3 32.48 31.72 19.08 32.94 37.79 15.68 
23.43 23.4 26.22 19.48 37.83 36.14 27.1 39.86 24.14 28.44 28.43 16.22 30.44 32.34 25.24 26.44 29.28 24.21 30.22 30.43 35.31 27.23 32.47 30.11 25.64 25.21 22.23 36.22 30.43 22.22 32.48 38.45 17.29 30.5 42.98 13.16 
34.22 32.37 16.22 36.3 36.39 13.42 29.23 24.76 30.89 37.29 32.44 12.54 21.5 34.35 25.8 28.66 25.49 24.21 25.19 28.43 34.38 35.51 38.3 27.17 21.44 34.22 23.3 34.23 24.3 13.19 26.48 29.57 15.08 35.21 29.58 19.15 
35.02 30.23 26.21 24.51 32.97 15.18 14.43 30.79 17 28.44 27.42 12.54 19.29 33.33 31.45 28.22 29.06 20.17 18.22 36.96 20.22 18.23 40.34 20.24 29.21 48.31 19.68 30.44 28.44 17.19 32.48 41.51 27.32 30.5 24.35 18.32 
30.22 38.43 18.22 32.45 30.01 13.15 28.79 25.95 25.98 28.44 36.44 28.22 28.48 24.54 26.24 22.28 40.74 29.85 27.19 36.24 32.42 34.32 25.01 22.44 20.36 36.35 17.31 40.23 34.31 26.23 37.25 38.53 25.25 49.37 44.77 31.68 
26.22 21.4 26.22 24.45 37.03 22.34 14.8 33.05 20.36 37.23 32.43 18.22 31.24 32.34 26.24 19.48 27.35 19.25 28.22 38.24 45.23 27.23 35.26 31.13 33.04 40.47 17.43 36.22 30.3 28.23 34.48 37.25 19.24 31.51 30.46 22.26 
34.22 36.3 16.22 32.3 37.38 26.45 28.51 36.4 28.31 29.09 32.44 16.54 27.23 48.46 20.54 12.36 35.29 17.31 34.22 34.43 18.22 33.24 39.31 27.28 28 31.12 25.31 36.23 32.43 19.19 36.48 32.34 17.22 34.66 32.35 24.18 
30.22 26.22 26.22 34.44 29.55 26.34 13.63 38.63 21.41 27.09 28.43 39.34 21.23 38.35 29.55 34.2 30.57 34.37 32.22 46.23 29.47 29.24 34.45 35.35 23.46 34.66 29.44 34.22 28.43 9.63 26.48 24.34 9.63 27.25 21.88 21.96 
23.43 46.22 9.63 26.51 36.44 24.04 16.57 37.86 18.17 26.44 23.42 36.43 29.36 24.41 20.35 23.62 24.7 21.45 32.22 32.3 29.47 29.23 33.78 13.75 30.2 43.03 20.38 28.44 28.43 17.3 35.29 36.45 13.23 37.33 35.47 13.16 
30.22 32.44 12.22 29.23 25.12 9.63 19.91 27.01 32.82 28.44 34.44 30.23 18.81 44.97 31.25 38.34 47 26.61 22.22 34.43 16.22 24.68 37.25 15.23 11.36 37.56 22.94 34.23 36.89 17.19 31.43 51.36 18.17 27.96 42.95 24.85 
23.43 28.43 20.22 34.3 30.01 34.31 30.32 31.85 32.34 30.44 38.44 26.22 18.81 33.46 15.78 12.36 36.47 19.26 25.19 28.43 34.44 31.24 31.31 23.28 27.04 26.25 22.44 38.23 29.23 17.19 32.63 57.48 32.31 40.12 45.07 13.65 
28.22 26.48 28.22 26.39 23.96 22.17 18.51 37.6 19.81 30.44 44.43 8.61 26.48 28.44 22.25 17.68 33.89 11.76 24.26 42.23 31.47 18.27 39.25 17.84 20.49 50.13 28.85 46.22 30.48 13.19 36.24 26.44 16.97 26.25 28.23 9.63 
25.43 25.97 14.22 34.44 37.8 27.24 24.44 24.94 26.15 35.23 28.44 14.22 26.48 30.65 35.81 13.87 23.27 34.83 30.22 40.23 12.36 39.24 37.24 27.28 27.23 33.06 19.68 34.23 26.3 20.22 44.45 37.45 23.23 36.51 35.9 15.69 
25.43 32.23 14.22 26.51 27.46 28.04 32.12 21.82 22.06 28.44 30.44 34.24 25.36 21.11 17.96 15.62 40.94 18.54 32.22 36.3 12.36 29.23 30.46 28.04 29.24 32.12 28.81 34.23 26.43 21.3 32.45 34.44 19.22 33.43 50.06 18.17 
22.41 21.97 26.22 28.44 31.81 29.14 25.05 43.45 26.96 31.09 32.43 16.54 15.46 44.35 23.8 12.36 38.57 18.8 34.22 36.23 25.47 28.44 24.25 25.29 23.44 30.68 27.42 34.22 32.43 20.22 30.48 30.65 23.09 38.79 36.09 22.69 
23.43 28.43 24.21 17.47 39.26 21.84 24.11 36.41 20.99 26.44 25.42 20.22 35.33 29.05 25.39 18.41 46.3 20.54 18.22 34.43 38.44 18.23 34.47 24.65 17.5 41.31 12.36 30.44 34.44 24.22 38.48 34.34 25.23 45.08 36.16 25.05 
21.43 26.43 35.23 29.23 29.45 23.23 17.23 32.76 19.16 36.22 44.43 28.22 24.43 41.45 13.78 36.75 27.66 26.48 27.19 37.02 34.44 37.33 36.04 20.65 31.27 33.06 26.15 42.22 29.23 13.19 37.24 33.54 13.81 26.3 21.32 24.07 
24.22 23.97 9.63 26.45 37.35 22.23 30.03 25.74 14.49 28.44 34.31 12.22 13.9 34.33 29.54 27.07 36.49 22.54 36.31 36.24 31.47 31.25 38.47 23.25 37.01 34.41 34.29 28.44 32.52 22.23 30.48 33.07 13.67 32.77 27.26 9.63 
32.22 21.97 28.22 30.3 26.01 29.34 22.51 37.06 23.36 26.44 30.43 16.22 21.23 38.35 18.58 19.23 33.5 19.35 34.22 34.43 44.41 27.23 39.32 29.13 21.44 33.23 27.25 34.22 30.43 17.19 34.48 43.25 19.22 37.79 34.69 22.14 
22.41 21.97 26.22 32.5 26.81 23.31 33.79 26.07 29.93 29.09 27.42 14.22 28.48 40.06 16.52 18.79 34.22 18.53 42.96 42.29 33.8 33.18 32.51 19.92 28.2 32.72 30.01 26.44 41.17 26.28 28.48 29.38 13.65 32.5 42.86 24.71 
22.41 24.44 24.22 17.48 29.72 19.3 31.63 33.53 16.31 27.09 28.43 22.23 15.46 37.33 15.52 12.36 37.29 19.49 36.96 32.43 12.36 37.18 43.37 28.45 33.05 45.19 26.64 30.22 35.17 14.12 28.48 28.33 12.07 24.29 26.98 25.06 
25.43 28.23 28.22 26.51 30.01 18.83 25.29 29.83 9.63 26.44 23.42 26.22 33.37 20.37 15.96 31.84 28.37 11.49 34.22 36.3 16.22 34.44 33.07 16.15 38.41 41.31 18.72 26.44 26.43 19.3 30.48 26.33 13.21 35.36 25.66 17.76 
36.22 29.4 24.22 38.29 34.23 16.21 28.32 28.5 23.58 32.23 34.44 20.22 20.44 30.74 18.58 19.24 33.75 16.16 16.22 32.43 37.23 13.55 36.47 21.43 26.45 24.12 21.16 38.23 33.24 14.12 34.05 49.94 14.22 34.61 24.27 30.34 
30.22 36.48 22.22 34.44 24.01 26.04 25.34 41.67 26.07 30.44 38.23 24.27 26.48 29.24 25.83 29.45 47.1 26.43 36.22 48.23 14.26 36.44 45.35 17.47 31.26 34.49 12.36 30.44 32.43 13.19 27.42 52.42 18.17 29 29.56 14.15 
28.22 26.43 28.22 41.27 28.01 22.52 32 26.76 26.87 37.29 42.31 24.22 21.5 37.33 16.43 28.72 33.35 13.78 25.19 51.06 31.47 35.51 47.08 32.45 33.18 40.42 17.36 30.44 28.3 32.23 34.84 37.72 21.23 32.3 35.53 23.86 
36.22 25.97 43.04 27.02 32.38 24.03 17.22 33.77 22.06 30.44 32.31 14.22 36.53 35.33 8.58 32.46 24.58 12.36 9.63 36.43 12.36 20.31 41.32 24.37 27.17 41.26 19.38 26.44 32.52 15.19 28.48 24.33 9.63 29.77 51.35 16.08 
23.43 29.23 14.22 38.3 38.41 34.34 23.71 26.33 30.16 26.44 28.44 15.52 14.81 44.35 19.5 16.75 40.85 26.35 27.19 34.43 20.22 37.24 38.33 29.19 25.04 36.15 29.33 32.23 29.23 18.12 32.48 33.45 9.63 35.35 34.46 15.08 
23.43 40.23 26.21 21.47 27.29 20.88 22.16 39.1 23.18 37.38 34.43 14.54 27.59 33.46 20.43 19.59 40.35 22.54 16.22 34.43 22.22 11.55 43.33 12.36 29 24.98 34.37 36.22 24.3 12.22 24.48 33.6 12.29 18.29 37.43 24.15 
26.41 36.37 13.16 28.5 26.01 9.63 26.39 23.08 23.18 31.09 33.2 16.54 19.46 44.35 22.58 31.27 41.51 15.53 38.96 40.29 12.36 33.18 33.7 31.44 26.33 26.38 26.33 30.99 33.17 20.28 30.48 28.33 17.15 33.21 28.37 22.15 
34.22 32.37 13.16 32.44 37.55 25.18 21.52 30.29 23.18 31.09 29.42 16.54 25.29 48.35 35.34 25.32 37.36 16.33 32.22 42.23 29.47 27.3 31.16 24.44 25.28 27.16 25.42 26.44 24.43 9.63 26.48 24.19 17.08 24.72 27.44 16.15 
26.22 23.4 38.44 28.31 26.01 36.24 29.11 23.06 25.18 26.44 28.43 16.22 37.33 34.44 28.25 26.43 25.37 26.2 32.22 28.43 27.47 23.38 24.25 26.15 21.05 22.28 24.17 34.22 32.43 30.3 30.48 30.34 17.22 31.51 34.35 29.22 
21.43 30.23 40.32 27.52 28.01 30.12 40.9 33.64 16.32 26.44 34.31 26.22 33.37 44.28 15.78 31.72 33.29 13.76 32.22 39.31 18.22 32.44 36.47 20.24 41.39 45.24 24.75 30.44 28.43 23.3 32.48 32.34 17.22 30.5 25.66 9.63 
28.22 32.43 16.22 38.44 30 14.21 24.24 24.58 26.31 29.09 32.44 26.22 17.46 42.35 20.43 30.5 35.56 25.46 20.22 50.24 31.47 18.23 38.25 29.12 26.4 30.17 25.25 36.23 36.44 30.23 36.48 34.34 23.23 47.37 36.22 21.04 
23.43 34.23 20.22 40.3 38.25 19.24 34.51 32 28.19 34.22 34.44 8.61 28.48 28.66 25.46 24.44 25.61 28.02 27.19 34.43 22.22 38.31 46.31 18.23 40.54 39.32 33.87 40.23 36.3 13.19 33.25 24.51 9.63 27.46 16.72 23.49 
32.22 44.44 28.94 35.17 34.18 22.76 20.97 28.29 23.18 30.44 30.43 36.23 14.81 36.46 29.24 30.5 36.48 23.45 9.63 52.24 20.22 23.5 48.26 31.24 23.59 48.08 23.29 34.22 29.71 24.23 28.48 29.41 14.12 30.51 21.35 28.06 
24.41 28.43 18.22 36.5 34.45 13.16 19.9 25.65 23.46 38.23 34.44 20.22 22.44 38.5 16.52 30.63 35.66 33.1 28.22 42.29 36.44 27.23 34.5 25.28 27.29 28.27 21.26 36.23 28.3 28.28 34.63 56.28 23.38 41.3 42.16 19.04 
35.02 21.97 31.31 30.52 30.4 22.03 21.31 21.82 19.85 38.23 40.51 16.54 24.44 33.53 15.78 38.87 33.26 28.19 30.22 32.96 12.36 44.45 36.47 12.36 36.67 31.41 24.43 42.3 28.3 15.19 37.32 34.51 17.08 30.94 26.19 20.36 
30.22 36.37 16.22 34.45 40.39 21.17 34.25 30.03 22.34 40.23 32.44 12.54 34.24 30.34 26.24 28.04 30.34 28.19 28.22 36.24 32.38 21.22 24.23 23.62 19.14 42.4 18.29 32.23 24.3 20.23 24.48 29.1 27.11 30.2 23.11 27.13 
24.41 36.37 18.22 30.5 31.39 33.36 26.25 28.35 35.39 31.09 38.44 16.54 21.29 40.43 20.47 27.24 39.59 13.53 30.22 40.29 36.38 28.18 29.3 30.19 27.1 26.3 28.24 40.23 32.43 26.28 32.56 32.42 27.3 45.3 41.39 32.18 
23.43 23.97 28.22 28.3 33.81 21.96 27.01 25.74 31.58 26.44 26.43 33.8 13.9 38.06 28.25 29.68 25.2 26.21 38.31 30.43 29.47 36.53 32.47 29.6 23.44 26.67 26.01 36.22 34.52 20.22 32.48 34.74 17.23 35.5 25.78 34.77 
28.22 39.31 29.3 26.44 39.48 17.26 25 35.3 13.08 28.44 34.31 14.54 23.29 32.47 21.51 12.36 39.35 34.34 18.22 42.24 12.36 14.23 38.46 12.36 17.2 31.38 27.43 28.44 30.44 24.23 33.33 31.36 9.63 30.37 23.07 12.16 
26.22 34.43 28.22 32.45 26.01 14.74 26.36 30.43 31.77 28.44 44.31 28.22 13.9 34.52 28.7 28.5 30.06 28.52 36.31 42.24 29.47 32.53 40.46 13.75 37.96 44.41 35.46 26.44 32.52 24.23 34.52 30.47 19.23 40.55 31.14 17.98 
45.02 34.43 14.22 39.24 27.26 25.18 25.18 37 24.23 32.22 30.44 26.22 16.43 39.29 19.64 12.36 33.29 25.27 25.19 35.23 25.47 27.29 21.66 25.87 21.08 21.44 19.06 36.23 33.29 19.19 33.42 57.33 22.17 37.94 39.32 14.4 
30.22 32.23 24.21 24.29 42.14 25.12 13.59 35.95 18.93 26.44 23.42 23.89 28.45 24.25 34.34 35.29 24.21 34.3 18.22 32.43 12.36 18.23 38.47 17.47 30.37 43.44 19.68 26.44 28.44 13.19 34.05 38.66 15.22 26.97 23.26 17.21 
23.43 36.23 9.63 23.48 28.25 24.04 24.3 21.82 20.06 28.44 30.31 12.22 36.45 26.52 24.25 28.38 25.28 26.21 36.22 32.43 36.24 30.44 34.22 26.16 21.17 26.03 22.43 28.44 32.43 20.22 36.32 26.33 18.29 28.5 27.44 9.63 
28.22 25.97 9.63 32.45 37.81 21.24 20.53 38.1 20.31 30.44 40.31 15.52 21.23 38.34 28 33.2 43.17 26.42 32.22 40.24 39.8 31.24 40.07 32.73 24.11 24.38 30.73 28.44 32.43 24.23 30.48 25.21 16.1 29.3 34.65 16.18 
22.41 21.97 35.29 28.3 24.07 19.3 24.36 34.81 17.12 27.09 23.42 26.22 24.48 26.29 31.82 27.32 24.25 31.78 36.96 30.43 35.8 35.18 30.47 19.92 31.18 40.27 19.42 30.44 35.17 20.22 30.48 31.39 17.23 32.94 36.83 9.63 
32.22 36.23 24.21 26.29 42.05 22.17 26.29 41.87 21.85 26.44 23.42 28.44 26.48 31.33 32.25 31.6 25.28 28.21 18.22 36.43 12.36 20.23 52.31 27.24 24.45 46.42 24.44 28.44 28.44 17.19 32.48 30.65 15.22 33.43 49.7 18.29 
25.43 27.4 22.22 34.3 38.34 25.18 18.43 37 21.21 34.22 38.44 20.22 18.43 33.79 19.5 12.36 35.6 20.18 25.19 30.43 30.42 35.3 33.02 24.23 27.08 34.57 27.95 38.23 33.29 18.12 35.14 57.33 30.3 31.51 40.53 16.3 
21.43 25.97 28.94 30.24 32.8 12.74 22.24 25.74 29.39 28.44 32.43 26.24 23.4 33.79 25.03 33.47 26.59 15.96 9.63 47.31 12.36 26.31 40.34 22.07 25.72 36.14 31.11 36.22 36.52 25.3 40.66 28.52 24.31 35.1 35.72 15.41 
23.43 36.48 16.22 33.23 32.01 16.22 27.3 27.83 33.16 28.44 30.44 8.61 32.44 41.55 25.46 16.7 33.41 19.49 32.22 35.02 30.49 19.22 20.24 12.36 16.34 43.32 24.44 38.23 34.43 19.19 36.48 44.45 28.03 46.3 42.42 27 
32.22 27.97 20.22 32.44 30.01 35.65 31.32 29.03 21.85 26.44 28.44 27.8 29.24 24.65 26.25 28.05 24.15 20.18 25.19 34.23 41.81 27.23 30.46 27.6 23.23 22.06 25.42 38.23 33.23 19.19 38.45 37.25 18.13 38.1 53.74 25.76 
30.22 25.97 18.22 38.45 32.01 16.22 30.66 34.78 23.8 32.22 32.44 29.8 34.31 20.01 27.33 30.33 39.29 20.93 27.19 48.24 50.34 28.18 32.45 23.12 23.51 29.03 21.88 36.23 36.3 26.23 28.48 31.32 9.63 29.31 29.77 13.65 
28.22 36.3 14.22 29.48 30.01 32.13 23.11 37.09 23.95 33.23 30.44 12.54 19.44 38.34 22.18 24.83 38.69 32.21 30.22 32.43 20.22 37.45 32.46 31.12 23.04 26.38 31.26 36.23 30.3 28.23 38.48 41.66 18.44 52.37 48.67 13.22 
32.22 23.97 28.22 21.48 35.66 19.03 18.6 34.64 22.66 37.23 38.43 16.54 21.44 31.46 18.58 12.36 41.02 22.6 28.22 28.43 38.41 29.45 27.06 27.13 17.14 19.4 19.52 38.22 24.3 13.19 28.48 33.66 19.08 30.94 33.79 23.9 
32.22 27.97 29.03 35.02 34.54 9.63 31.36 28.69 25.12 37.38 23.42 27.8 33.39 25.66 29.83 28.33 25.62 23.78 9.63 32.43 12.36 13.55 48.32 24.81 19.5 40.41 26.41 30.44 30.3 21.19 34.48 34.34 23.22 40.51 41.84 22.73 
28.22 38.37 38.44 28.45 31.39 23.85 31.32 25.03 23.18 39.02 26.43 12.54 23.23 29.44 26.24 26.23 42.49 28.33 25.19 36.24 40.38 39.24 38.47 30.59 33.18 42.16 23.18 34.22 28.3 26.23 30.48 33.45 17.1 32.37 33.32 28.19 
21.43 28.37 40.32 28.3 26.01 26.44 31.07 23.92 29.14 26.44 34.31 14.54 16.81 39.33 19.5 12.36 36.48 19.75 42.68 30.43 36.38 40.24 39.32 18.5 25.17 37.26 22.43 26.44 34.89 12.22 24.48 28.3 28.05 23.97 11.67 25.69 
22.41 39.35 32.44 32.5 34.34 20.04 31.32 32.85 24.15 29.09 32.43 15.52 13.46 36.66 23.5 23.39 32.23 25.52 34.22 46.29 27.47 30.44 38.31 31.13 29.24 34.12 23.52 32.22 30.43 24.28 34.45 23.21 14.1 34.96 31.25 15.97 
24.41 36.23 13.16 25.48 34.25 11.56 30.47 33.17 25.18 31.09 37.5 18.54 19.46 38.52 22.58 19.33 37.29 19.49 27.19 34.43 22.22 31.23 38.6 19.47 28.26 37.32 33.01 37.29 39.33 22.22 42.31 41.33 23.23 36.51 32.36 19.24 
28.22 36.23 27.03 31.17 39.18 9.63 27.16 32.18 36.47 28.44 27.42 15.52 13.9 30.8 28.24 30.5 23.81 31.47 9.63 44.24 26.22 24.31 47.26 26.24 23.59 55.21 22.14 30.44 34.52 26.23 36.6 38.34 19.24 34.62 42.05 30.06 
21.43 25.97 28.94 33.02 27.53 28.22 25.85 27.35 29.77 28.44 42.31 16.54 18.81 40.71 15.78 31.72 36.67 10.74 9.63 32.43 12.36 17.5 32.47 35.75 11.5 30.02 19.56 30.44 35.71 21.19 36.84 34.34 23.22 42.58 38.8 30.75 
25.43 32.22 29.17 30.44 30.01 24.99 21.49 21.19 21.33 36.23 26.43 26.22 27.1 30 35.83 13.46 28 24.06 28.22 38.23 32.23 34.97 22.23 23.29 22.41 42.62 19.59 30.22 22.3 12.22 24.48 31.18 27.26 22.4 28.44 13.76 
26.22 32.22 40.32 34.45 31.24 29.73 29.59 28.97 13.25 35.29 28.31 27.17 31.3 20.01 22.24 32.32 37.29 19.04 25.19 44.24 38.23 31.42 40.46 22.35 31.23 34.41 17.15 30.44 30.3 32.23 34.48 39.31 20.13 39.35 30.37 12.44 
32.22 27.97 14.22 30.44 26.81 9.63 18.51 38.99 20.99 30.44 34.44 18.22 16.81 40.35 15.52 12.36 40.87 14.8 38.68 38.23 31.8 24.89 23.02 15.08 13.16 37.19 30.93 38.23 40.89 19.19 34.48 35.11 25.23 33.43 56.59 13.16 
26.22 21.97 34.31 28.44 33.01 20.32 29.55 31.05 18.35 31.09 38.31 20.22 25.24 42.34 19.79 23.24 34.54 27.81 20.22 50.24 12.36 16.23 38.34 12.36 15.52 38.28 33.28 28.44 32.44 28.23 28.48 24.33 9.63 32.77 29.78 13.68 
