10207.7
9065.65
7703.63
5178.23
5671.25
5481.64
5488.49
5315.67
4833.66
4436.51
5261.42
4037.89
3668.6
4769.82
3971.53
4373.54
3044.77
3639.3
6497.2
4703.1
4474.66
3771.35
3856.25
2735.48
3403.02
3390.53
4713.7
3120.63
2369.95
3479.25
4445.48
3566.8
2167.15
2240.35
4213.49
2632.81
1370.52
1082.7
1765.72
2226.96
1576.69
1088.83
1589.89
2128.38
2145.43
1603.28
1644.01
3714.19
3461
2291.56
1468.5
3288.36
1119.56
1941.3
1638.95
3072.53
2741.88
2954.79
1472.82
1686.21
1729.84
1119.39
2436.72
2669.2
2350.61
2451.09
1641.75
3968.18
1755.05
2273.65
1609.08
3814.74
2960.14
3706.95
1892.82
2920.4
3019.01
1691.31
3821.88
2417.92
3574.03
2353.1
1746.73
3234.84
1154.69
1081.81
1112.37
1534.63
1671.93
1506.95
3528.53
2952.75
3100.87
1611.93
2322.93
1419.69
1543.56
1098.74
1109.3
2248.29
1980.64
2432.05
4236.45
1479
1183.21
3062.04
2650.58
2290.67
1846.97
2310.73
1965
1624.68
1711.9
3079.06
1846.09
2431.61
3476.73
3888.52
3754.06
2526.36
2517.94
1923.34
1327.27
1644.75
1592.51
1826.95
3203.06
1749.6
1287.97
1650.57
2110.27
2027.66
2098.01
3140.21
1829.05
1464.13
1257.71
2090.37
5936.53
2351.6
1735.97
2036.43
2320.88
1636.92
2219.57
1226.4
1726.68
4046.94
4739.47
1920.79
1863.79
2576.25
3171.33
1824.38
3132.75
6065.85
2212.76
1683.76
1909.92
2782.61
2229.63
1586.42
1706.63
1778.67
1599.01
2437.86
3024.47
3072.17
1635.85
2137.82
3759.87
3177.21
2244.93
2701.63
1609.96
3158.71
2987.03
2177.08
2795.89
3816.8
1893.14
2828.78
2697.03
3670.02
3195.04
1693.73
1628.79
2616.74
1492.08
2291.47
2956.93
2878.78
2284.04
1890.9
3676.3
3436.96
1240.52
3281.45
3170.46
3305.54
3623.48
3207.31
3927.3
2472.84
1372.65
1209.34
3146.81
1072.29
3108.19
1530.05
1767.04
1976.57
1752.36
2360.64
1408.6
1345.18
6354.6
3015.5
2079.87
1239.17
2257.72
2750.69
2377.72
1340.31
3153.45
3066.09
1531.44
2718.06
1856.91
2336.45
1885.01
2707.04
2299.88
2914.88
2690.42
3415.56
1930.02
4357.97
2391.59
1637.92
3291.25
2343.35
2045.04
2489.04
1572.46
2830.01
2584.31
1736.4
1805.1
1723.91
1908.48
1582.82
1862.63
1438.26
2780.62
1360.37
1288.92
1483.43
1159.12
1317.88
1050.6
1086.96
1166.2
1115.43
1105.17
1723.89
1317.5
1770.55
1421.06
1686.73
1244.38
1172.05
1079.43
2530.8
1077.09
1463.98
1019.78
1699.66
1724.31
1374.99
1345.85
1382.48
2304.03
2269.1
2784.95
2817.11
1525.74
1337.27
1449.54
1458.91
2391.09
1568.54
1236.04
1095.43
3542.38
1691.05
1590.97
1585.01
3226.1
1022.07
1746.28
1586.51
1102.43
1274.24
1221.77
1728.03
2459.2
1696.88
1661.09
1646.94
2214.26
1286.67
1500.83
1372.46
1602.77
1260.09
1897.35
2065.16
1145.47
3071.25
1567.16
1837.43
1002.37
1044.37
1841
1470.34
1634.42
1179.37
1262.28
1115.18
1829.99
1373.44
946.4
1204.91
1476.16
1455.82
2766.85
1047.22
1052.43
1263.07
2681.33
1112.92
1155.62
1137.22
2652.22
1957.64
1362.13
1121.46
1418.91
1114.5
2550.59
2871.6
1691.31
1730.51
1121.3
1425.61
1203.08
1271.79
1373.34
1483.27
1228.15
1425.6
974.4
1006.84
1508.14
1761.31
1313
1112.23
5755.75
995.36
1377.17
1010.27
1803.4
1077.36
1140.26
1727.94
1192.91
1138.82
1042.01
979.385
1059.52
1382.98
1293.67
1182.19
1215.62
1105.96
1444.42
1236.63
1502.14
1511.31
1650.55
1319.5
1026.67
1406.62
1053.53
1302.64
1000.28
1077.85
1798.11
1407.02
1118.43
1093.06
1817.57
1047.09
2467.97
1403.63
1121.08
1466.75
1494.16
1405.16
1172.55
1158.76
1143.53
1392.07
1722.66
1464.14
1036.77
1481.89
2897
1605.5
1459.23
1145.6
1035.71
1085.46
2827.19
4688.23
2529.24
2764.04
990.35
1116.87
1400.59
1646.61
1295.84
952.055
2638.72
3707.73
1615.59
3019.75
1782.8
1093.94
1746.29
1682.01
1445.54
1314.66
2846.58
3349.51
1768.22
1556.16
1453.54
1005.03
2641.49
2621.33
1869.5
2791.2
2863.96
1748.04
1104.3
979.025
1563.76
2363.37
1798.71
1140.82
1573.22
1859.25
1424.09
1892.96
1602.62
2921.34
2639.81
1784.6
1549.04
1457.74
1355.06
1536.65
1472.23
1233.77
1527.2
1945.93
1304.29
1116.05
1358.68
1235.21
1138.98
1834.42
1319.27
966.97
986.68
999.86
1020.98
1348.79
1080.11
1275.44
1393.27
1353.64
979.23
963.5
1209.04
1452.52
995.29
1084.45
1787.02
1327.01
1105.53
1735.59
1038.98
1039.68
987.21
1338.57
1073.82
3084.43
1085.1
1222.64
1118.98
1625.82
996.093
2724.52
1516.62
1501.83
1324.23
2860.59
1692.97
1187.4
933.84
1310.8
1345.56
1075.69
1226.86
1150.56
2462.63
1666.26
949.89
1098.86
926.99
1478.63
1851.74
1894.72
1328.18
897.4
1403.82
3719.48
1142.76
2223
930.21
4280.69
3495.83
1403.48
1189.34
1217.93
1013.82
971.82
3694.96
4272.5
946.07
970.82
933.39
906.6
1012.32
939.015
965.31
1775.23
2448.75
1595.98
2082.07
2338.53
1217.6
971.233
2690.08
2262.25
1441.76
2931.63
2004.95
2129.5
1794.38
2226.09
1415.76
2801.13
2271.77
1678.24
2451.46
1910.35
2320.51
2272.45
