30.22 26.43 9.63 32.44 30.01 27.24 21.58 24.83 23.18 26.44 26.22 22.22 14.81 34.35 16.43 33.21 25.36 24.84 27.19 40.23 29.47 25.96 29.96 34.98 27.4 40.42 22.93 33.5 31.23 20.12 32.48 28.34 17.02 28.3 30 11.64 
21.43 32.23 9.63 28.29 36.33 19.23 23.31 34.15 17.05 34.23 36.31 16.54 24.44 41.33 23.53 18.47 41.36 33.28 22.22 34.43 20.22 15.55 40.47 28.96 23.16 38.41 23.25 26.44 31.24 16.22 26.48 25.45 27.25 24.5 18.35 20.17 
35.02 25.97 18.22 34.52 35.81 25.18 27.48 20.96 23.2 34.22 36.44 16.54 20.43 33.46 23.8 30.51 42.29 22.32 25.19 28.96 29.47 31.3 32.53 27.59 17.14 21.47 21.99 36.23 31.29 13.19 26.48 26.19 17.08 28.94 25.78 36.01 
23.43 27.97 9.63 37.52 27.9 20.32 29.52 29.83 30.34 28.44 30.31 33.8 30.37 29.45 26.17 27.43 27.67 24.99 36.22 47.31 29.47 30.44 35.44 27.25 25.37 33.46 25.06 28.44 30.43 19.3 42.33 26.34 17.23 32.97 34.11 17.03 
25.43 25.97 28.22 25.52 38.42 34.53 30.78 28.76 14.24 39.29 34.43 20.22 27.5 37.46 19.5 16.42 29.52 25.46 27.19 39.31 42.41 29.42 32.47 29.21 22.44 29.96 32.36 34.22 28.3 25.3 34.48 39.52 19.22 31.03 33.37 20.88 
22.41 30.43 27.23 18.51 33.03 17.24 19.37 35.25 18.17 27.09 34.43 26.22 21.23 28.88 16.37 22.22 25.59 23.18 32.22 32.3 25.47 23.23 40 13.84 28.04 25.48 23.63 42.22 34.43 26.28 37.24 53.27 22.17 38.64 40.86 18.78 
21.43 23.97 26.22 28.3 28.81 24.04 21.31 28.19 21.18 26.44 32.43 18.22 14.81 33.46 16.57 23.32 38.28 24.73 34.22 32.43 39.8 31.23 41.32 26.01 34.13 24.98 34.74 34.22 28.43 12.22 28.48 24.33 9.63 24.94 35.79 20.71 
30.22 25.97 28.22 30.45 26.01 8.64 23.38 23.96 20.23 32.22 34.43 12.22 28.48 36.34 24.24 12.36 40.37 12.6 25.19 40.24 30.41 38.35 35.26 28.63 18.24 22.38 24.75 38.22 34.3 22.23 30.48 34.55 13.67 26.94 24.32 14.65 
21.43 25.4 37.04 35.02 30.73 27.25 28.22 27.97 28.91 26.44 36.31 16.22 20.51 35.54 19.22 30.51 33.7 28.2 9.63 34.43 31.47 15.5 42.31 19.84 15.69 42.25 31.97 28.44 29.71 20.22 41.33 50.04 18.16 40.56 41.37 18.3 
30.22 30.43 31.23 41.06 41.46 21.44 32.86 29.83 9.63 28.44 38.43 22.22 30.44 29.46 13.3 13.77 31.29 14.83 32.22 32.43 31.47 27.42 33.27 19.45 20.04 26.38 29.4 40.22 30.43 17.19 34.48 40.45 21.23 30.3 27.25 9.63 
22.41 21.97 29.29 30.5 37.61 27.3 20.2 34.53 24.22 33.23 27.42 16.22 21.44 35.51 25.8 20.42 37.68 22.55 28.22 42.29 29.47 38.35 30.47 13.75 35.5 33.43 34.57 30.44 28.3 28.28 39.3 40.56 19.22 35.96 32.93 15.68 
32.22 28.44 22.22 26.44 36.46 30.32 26.25 23.96 14.41 30.22 36.3 18.23 26.48 29.31 25.73 26.35 42.37 22.54 27.19 38.23 12.36 46.35 36.47 26.45 36.36 36.42 22.38 30.44 36.3 15.19 32.48 38.55 13.01 24.29 20.14 27.06 
23.43 28.43 9.63 35.23 30.01 24.32 32.52 35.04 16.48 30.44 40.31 26.22 16.81 42.54 16.51 31.72 39.57 11.6 38.31 41.02 31.47 31.25 41.24 28.04 38.02 39.18 38.27 30.44 34.52 13.19 42.33 28.34 9.63 30.3 27.22 9.63 
30.22 30.43 14.22 34.45 39.3 18.22 31.25 37.12 9.63 30.44 36.44 22.22 30.44 37 33.3 33.46 24.2 32.32 32.22 44.24 32.42 40.45 39.25 24.28 27.04 37.47 26.76 38.23 30.43 26.23 31.14 56.49 27.25 38.81 40.48 24.2 
28.22 25.97 18.22 41.27 25.46 21.24 22.54 32.85 17.06 34.22 44.44 18.22 18.43 38.46 18.23 33.44 34.27 15.78 27.19 53.06 12.36 39.24 47.35 12.36 36.19 41.09 28.26 48.23 33.23 30.23 44.25 37.45 17.22 31.87 56.49 22.06 
26.41 25.97 16.22 25.48 29.9 16.22 34.8 36.83 30.22 31.09 32.44 12.54 13.46 29.46 21.74 20.28 40.49 29.76 45.33 28.43 25.47 29.34 25.1 17 15.14 26.26 22.44 38.23 45.54 40.3 32.48 39.56 26.51 46.19 39.81 26.64 
21.43 25.97 20.22 27.48 32.01 28.24 36.33 26.03 9.63 32.22 36.23 31.8 37.06 32.24 22.18 19.68 36.69 26.76 27.19 30.43 27.47 27.23 34.47 23.8 38.08 36.36 29.84 26.44 38.23 20.22 30.48 28.34 17.23 38.69 36.72 19.68 
26.22 38.23 26.22 28.24 28.45 31.06 22.72 37.29 24.08 26.44 23.42 30.44 26.43 22.25 31.34 24.5 22.47 26.67 36.22 34.43 22.22 32.23 33.07 12.36 38.39 34.68 27.5 30.44 36.43 36.23 36.05 39.45 23.23 40.28 37.66 25.72 
30.22 24.44 24.22 26.44 34.97 17.18 11.31 30 17.51 27.09 28.43 20.23 21.29 29.46 26.25 35.06 45.16 26.07 32.22 44.23 12.36 29.23 36.45 29.13 19.44 31.56 26.28 32.22 24.43 9.63 28.48 37.05 9.63 30.29 35.85 19.04 
30.22 25.97 13.16 34.45 28.01 30.39 19.24 25.81 27.26 32.22 35.2 12.54 18.43 32.59 19.79 12.36 34.25 30.82 27.19 42.24 31.47 40.25 41.26 31.04 36.63 40.31 36.63 38.99 31.29 22.23 29.21 34.31 23.1 32.9 28.9 9.63 
21.43 23.97 9.63 23.48 32.81 9.63 31.34 32.83 31.54 32.22 25.42 8.61 30.24 28.51 27.27 17.68 41.88 20.25 25.19 30.43 37.8 28.23 29.79 23.92 37.2 37.44 16.22 30.44 42.23 22.22 36.48 42.34 22.97 42.28 36.9 31.78 
30.22 36.44 28.94 28.03 30.06 26.84 22.04 39.91 18.86 26.44 40.31 26.23 33.72 29.32 31.35 26.64 42.3 12.53 9.63 32.43 12.36 17.5 45.33 17.47 15.5 40.42 24.27 30.44 33.71 32.3 30.84 39.72 27.31 36.51 36.52 23.22 
28.22 28.43 22.22 34.3 28.01 25.18 24.45 25.98 12.85 34.22 34.23 22.22 18.43 36.5 12.57 12.36 36.46 20.76 25.19 30.43 36.44 40.24 39.32 18.64 30.24 39.34 15.56 28.44 29.29 9.63 28.63 47.78 13.16 28.3 26.66 9.63 
21.43 30.37 36.32 25.23 25.3 24.16 25.25 26.87 8.7 30.44 38.31 16.54 18.81 40.54 19.5 23.52 41.77 22.38 25.19 39.02 38.38 31.23 34.47 20.5 30.25 28.4 27.06 26.44 30.31 13.19 36.33 34.19 34.11 26.36 17.38 29.13 
26.41 29.97 24.22 26.51 37.81 26.44 21.32 37.63 22.26 32.22 40.23 12.22 18.43 36.45 8.58 31.07 46.23 25.54 27.19 38.3 12.36 41.24 36.47 23.8 35.45 38.5 31.32 26.44 29.23 14.22 22.43 23.87 31.77 18.88 16.79 29.79 
26.41 29.97 13.16 27.48 32.01 13.42 35.26 28.97 16.27 37.29 31.5 8.61 29.3 30.34 22.18 25.5 36.69 26.29 27.19 32.43 31.47 27.23 33.7 28.57 30.04 38.53 33.27 37.29 26.3 18.22 32.48 37.31 20.97 42.11 39.77 18.17 
36.22 40.37 20.22 36.3 41.39 21.17 37.52 35.18 18.12 40.23 34.44 16.54 26.44 42.35 20.58 18.44 35.5 12.53 28.22 30.43 37.38 27.23 37.31 31.17 23.7 33.23 21.41 34.23 22.3 9.63 22.33 28.31 9.63 24.2 28.88 19.18 
28.22 28.43 22.22 32.45 40.34 9.63 26.72 27.3 29.44 31.09 40.23 24.22 19.46 37.46 25.53 18.47 35.57 28.19 27.19 40.24 31.47 32.97 39.26 21.33 31.26 37.28 17.22 30.44 32.96 24.23 28.48 31.18 19.03 35.16 32.25 14.14 
26.41 36.37 13.16 36.3 31.39 23.18 24.27 23.32 23.18 34.22 44.31 18.54 20.43 37.33 15.67 36.5 31.29 8.62 27.19 30.43 38.38 35.3 38.47 25.82 33.18 40.42 20.75 30.44 33.29 17.19 29 26.27 13.16 26.36 21.13 31.19 
23.43 26.43 28.22 23.52 34.82 27.13 27.12 30.64 16.85 35.23 30.43 22.22 21.44 37.27 27.17 28.36 27.26 24.19 30.22 35.31 27.47 33.45 32.47 30.13 21.46 27.23 24.25 32.22 26.3 23.3 32.48 31.66 12.1 28.3 31.56 9.63 
39.02 27.4 14.94 35.96 40.04 16.94 34.27 26.75 33.09 31.5 32.44 16.22 31.52 34.35 16.51 25.5 24.55 23.27 9.63 37.23 12.36 11.55 39.34 28.1 27.72 26.38 26.23 36.23 39.51 19.19 32.48 41.53 17.22 34.36 26.66 19.16 
22.41 21.97 22.21 30.29 23.46 22.24 23.33 34.97 19.18 36.23 32.43 12.54 32.24 27.4 17.43 17.65 31.51 16.18 20.22 34.43 12.36 15.55 36.47 12.36 31.12 30.68 31.42 38.22 30.3 21.19 38.48 39.33 21.08 45.23 34.8 30.32 
25.43 34.22 33.16 22.2 27.62 21.95 17.21 32.76 18.97 28.44 26.43 25.9 32.53 25.53 24.25 29.47 25.28 23.18 9.63 34.43 31.47 22.31 38.47 21.84 15.52 43.15 19.49 34.22 36.52 18.22 39.33 33.54 18.3 23.4 27.88 28.19 
30.22 32.37 12.22 43.27 30.01 13.15 33.19 29.95 20.29 30.44 36.44 12.54 28.48 24.54 24.24 31.36 36.62 31.46 25.19 51.06 31.31 32.34 39.07 24.32 13.16 36.35 35.22 40.23 36.31 28.23 39.25 40.56 23.23 50.28 40.23 24.99 
24.22 32.22 20.22 38.45 28.01 31.03 31.34 32.52 21.24 26.44 30.23 23.9 20.47 30.44 22.7 22.5 42.08 13.1 30.22 48.24 29.47 34.44 43.35 13.83 34.46 30.49 37.75 28.44 28.43 30.23 46.24 36.65 21.23 36.52 31.57 20.28 
35.02 21.97 36.43 28.51 35.82 24.23 17.6 32.76 19.17 27.09 26.43 31.8 37.33 35.45 33.46 22.73 33.19 28.19 20.22 36.96 12.36 20.23 38.47 19.47 13.37 36.29 21.59 34.22 32.44 19.19 32.48 28.33 13.65 28.94 20.79 33 
28.22 30.37 36.32 28.45 29.55 22.44 27.96 25.74 9.63 28.44 34.31 12.54 13.9 31.53 19.32 35.54 26.74 25.26 38.31 38.24 31.47 42.53 36.47 19.84 33.18 36.41 31.08 30.44 36.52 26.23 43.33 42.74 29.25 47.42 42.41 22.15 
22.41 30.37 34.43 25.51 28.4 29.23 23.12 26.32 29.51 38.23 28.43 12.54 22.44 42.45 18.52 17.68 39.49 28.55 20.22 43.31 12.36 11.55 34.47 29.29 25.17 32.29 37.25 34.22 30.3 17.19 34.48 34.34 25.88 40.32 34.07 23.88 
28.22 23.4 36.44 26.44 23.21 28.38 28.48 22.96 28.38 39.29 30.43 16.22 35.33 32.65 26.25 22.29 27.46 23.27 25.19 38.23 12.36 35.3 45.35 29.23 31.05 36.29 31.32 34.22 24.3 13.19 42.45 30.34 16.23 33.46 32.35 25.25 
34.22 32.44 34.32 35.06 21.24 26.13 21.12 35.85 22.15 38.23 30.31 24.23 24.44 33.54 24.45 18.44 31.5 22.26 30.22 34.43 12.36 35.23 43 23.47 43.27 48.42 25.99 30.44 26.3 15.19 33.33 40.45 19.22 35.14 37.25 19.23 
28.22 23.97 31.31 23.31 37.97 27.38 15.45 35.99 15.2 30.44 40.51 18.22 19.29 32.45 14.57 17.29 30.58 13.52 30.22 28.43 33.8 27.23 38.33 20.01 41.32 30.13 27.84 44.3 30.43 34.3 38.24 39.31 31.31 41.89 37.95 17.54 
30.22 27.97 9.63 32.45 30.01 27.24 20.5 25.84 30.12 26.44 26.22 16.22 44.21 28.29 29.33 23.99 41.02 22.22 25.19 38.24 29.47 27.96 24.6 21.64 21.35 25.32 14.51 33.5 29.23 26.23 36.09 22.33 27.69 23.4 30.12 16.26 
32.22 34.23 13.16 36.44 36.25 28.32 31.24 31.83 18.51 27.09 34.31 29.17 35.33 32.33 24.25 26.51 36.5 24.06 32.22 44.23 18.22 33.23 47.25 19.47 36 41.39 32.19 26.44 28.43 17.19 34.48 32.34 27.23 34.33 26.27 12.22 
28.22 32.37 28.22 34.45 36.39 31.11 26.45 27.83 31.14 28.44 25.42 12.54 32.44 25.45 12.57 26.5 28.12 26.06 30.22 42.24 36.38 25.23 34.37 26.33 24.64 32.37 28.33 30.44 30.43 30.23 32.48 38.45 17.08 30.36 32.52 17.3 
23.43 30.23 36.31 30.29 37.2 26.27 19.45 39.23 23.21 30.44 40.31 14.54 23.29 42.34 23.44 20.5 35.49 18.54 18.22 32.43 20.22 14.23 38.32 35.18 23.17 30.25 22.17 30.44 30.44 19.19 34.48 34.34 25.23 45.35 39.35 23.31 
26.22 21.97 24.21 34.44 31.38 19.23 19.44 38.22 15.05 34.23 28.43 12.54 20.44 33.46 15.52 37.45 35.57 21.39 20.22 50.24 26.37 13.55 40.26 29.29 17.03 36.47 20.29 30.22 33.24 28.23 32.48 37.46 24.13 47.23 32.29 25.11 
22.41 32.37 29.31 26.5 31.39 18.72 27.52 29.39 18.5 41.02 31.42 18.54 29.23 36.51 23.58 31.27 44.05 26.55 25.19 40.29 38.38 29.42 40.33 24.5 37.21 47.3 35.14 30.44 28.3 26.28 34.3 26.27 17.15 28.38 17.31 30.2 
30.22 32.22 16.22 31.48 40.24 16.22 36.73 35.47 24.47 37.02 26.44 28.22 31.03 25.45 36.25 17.23 38.26 34 25.19 28.43 32.23 21.22 22.24 23.28 20.93 21.4 19.42 32.23 22.3 32.3 28.48 32.04 22.51 33.43 52.07 22.52 
36.22 32.23 18.22 39.06 30.25 12.44 26.47 21.23 25.67 37.02 30.44 24.22 29.03 29.46 26.25 24.44 30.65 21.24 27.19 34.43 12.36 32.18 39.27 16.23 27.03 21.26 25.05 40.23 26.3 13.19 31.25 33.03 17.22 30.5 26.24 16.25 
30.22 36.44 9.63 28.44 24 22.24 12.37 38.66 18.17 36.23 34.31 24.23 28.48 30.52 27.82 20.28 40.16 24.84 12.22 40.24 16.22 11.55 35.18 12.36 18.14 38.28 12.36 30.44 26.3 22.23 38.32 30.44 27.04 26.26 14.84 21.68 
28.22 30.43 18.22 36.45 36.01 36.45 43.47 38.04 18.17 34.22 32.44 20.22 28.48 25.45 24.24 14.3 40.37 21.45 27.19 38.24 44.44 34.31 39.25 31.12 28.12 30.28 29.15 34.23 38.3 24.23 28.63 50.56 17.03 28.3 38.16 22.05 
34.22 27.97 12.22 28.3 28.01 33.28 23.45 41.89 20.31 34.22 28.44 12.54 18.43 34.35 11.79 28.44 29.49 29.76 27.19 30.43 39.81 27.29 28.09 26.6 17.14 26.22 28.73 32.23 29.29 13.19 30.48 28.34 28.16 37.79 27.63 11.73 
23.43 32.44 24.21 19.47 34.97 19.18 17.25 33 15.21 30.44 42.43 28.23 21.29 39.54 18.72 31.78 35.29 15.52 18.22 34.43 12.36 18.23 36.47 12.36 25.3 40.51 20.24 44.22 28.44 14.12 35.33 49.3 20.29 28.29 25.28 33.14 
30.22 36.48 16.94 37.16 35.22 16.94 27.31 33.24 14.96 35.5 32.44 8.61 33.52 21.45 27.34 12.36 37.36 21.14 9.63 42.23 36.49 11.55 33.24 23.28 24.72 24.98 36.46 38.23 41.51 19.19 32.48 32.34 24.98 36.26 32.11 20.98 
35.5 38.3 16.22 29.42 29.32 13.15 27.33 42.37 25.5 26.44 34.44 15.52 13.9 28.18 23.06 21.31 45.31 25.54 36.31 31.55 35.31 30.53 37.42 19.42 9.63 39.3 24.1 36.23 30.52 9.63 29.25 19.21 25.34 33.39 28.55 24.38 
39.02 25.97 18.22 39.06 27.9 15.3 25.33 37.05 23.26 30.22 34.51 35.8 28.48 30.46 33.46 28.22 33.18 33.46 25.19 28.96 29.47 27.23 28.99 33.82 9.63 40.3 23.62 42.3 32.23 15.19 34.25 31.25 19.23 31.43 50.5 22.5 
28.22 30.43 14.22 30.45 34.45 25.18 27.26 26.97 19.5 32.22 30.44 18.22 16.43 27.45 26.24 27.85 38.49 25.54 25.19 36.24 36.44 29.23 32.46 32.23 23.23 30.28 31.39 34.23 33.29 26.23 32.63 55.1 15.03 35.13 31.08 33.15 
23.43 34.44 9.63 35.02 41.06 16.94 25.23 27.06 23.18 31.5 42.31 26.23 17.71 36.33 15.52 21.32 34.29 12.49 9.63 36.43 18.22 17.55 45.32 16.91 17.5 49.27 30.26 26.44 32.51 20.22 32.52 24.33 32.1 23.4 19.24 28.24 
25.43 43.31 20.22 36.24 37.5 30.15 24.54 21.21 27.56 28.44 32.23 8.61 37.06 23.45 27.7 26.06 34.99 22.12 34.22 30.43 31.47 27.23 32.89 19.48 25.25 34.76 18.38 28.44 28.43 16.22 26.48 22.08 11.97 35.12 27.81 9.63 
30.22 23.97 24.21 20.43 21.38 31.61 23.58 35.19 25.21 30.44 29.42 20.22 14.81 39.06 20.22 12.36 34.87 28.19 18.22 42.23 12.36 28.68 38.47 12.36 20.81 39.44 12.36 30.44 38.89 15.19 28.48 25.1 11.66 27.48 49.16 18.19 
36.22 27.97 20.22 32.3 41.81 16.22 23.51 24.03 29.15 34.22 30.44 12.22 18.43 36.35 21.8 12.36 32.43 17.73 25.19 32.43 31.47 36.24 33.31 30.59 23.44 31.23 30.72 36.23 35.23 17.19 30.48 32.44 26.3 31.79 25.78 9.63 
23.43 30.43 9.63 37.02 34.17 20.51 26.23 29.17 28.75 35.5 40.99 26.22 23.71 40.01 22.58 14.51 38.24 23.38 9.63 34.43 38.44 13.55 41.76 24.09 25.97 38.78 27.75 42.78 32.51 18.22 37.8 48.04 13.16 31.82 19.98 28.13 
32.22 31.35 18.22 30.29 26.28 28.39 19.87 36.1 20.76 28.44 38.44 15.52 14.81 34.2 20.58 12.36 41.73 26.3 22.22 32.43 39.36 26.68 40.34 21.56 23.04 30.14 22.05 38.23 36.89 9.63 28.45 21.21 28.13 25.38 21.21 25.15 
26.41 27.97 16.22 26.51 28.01 30.6 28.19 23.21 30.6 29.09 38.44 12.54 19.29 30.6 13.73 26.05 24.06 21.46 30.22 34.3 31.47 29.23 41.05 23.8 25.04 32.28 29.42 38.23 28.43 22.28 36.45 33.33 19.08 39.11 37.79 26.48 
34.22 34.44 9.63 28.44 28.01 13.42 28.38 26.97 29.29 39.29 29.42 26.23 28.48 29.32 16.44 20.3 21.27 25.27 27.19 42.23 16.22 37.3 45.25 18.19 37.18 50.22 25.02 28.44 28.3 15.19 36.05 50.33 21.23 31.86 28.31 14.64 
28.22 23.97 26.21 22.44 37.82 29.13 24.11 40.37 31.41 28.44 30.43 16.22 44.21 34.34 26.24 25.19 38.49 28.17 18.22 40.24 12.36 18.23 38.47 12.36 11.37 30.68 29.44 34.22 28.44 24.23 28.48 24.33 13.67 30.36 31.23 15.26 
34.22 30.43 24.22 27.48 28.01 28.38 25.25 22.98 29.51 30.22 44.23 22.22 16.43 38.45 13.3 31.5 32.21 21.77 25.19 30.43 27.47 31.3 34.47 33.34 29.38 36.5 33.16 28.44 33.29 16.12 36.44 28.34 16.08 34.25 29.13 19.72 
25.43 34.23 9.63 30.2 40.97 29.72 28.29 35 32.07 31.5 28.99 12.54 17.71 36.01 15.52 30.51 38.97 21.14 9.63 36.43 22.22 25.29 44.81 25.68 14.73 40.63 25.75 34.78 37.5 24.22 36.48 32.34 20.29 31.43 50.06 20.35 
28.22 23.97 24.21 22.43 39.81 21.33 27.25 33.62 21.15 28.44 28.43 12.22 26.24 40.35 19.79 31.43 23.55 30.82 18.22 40.23 29.47 34.25 37.25 32.6 30.64 33.16 36.73 34.22 26.23 13.19 30.48 28.45 13.66 30.79 27.09 9.63 
32.22 32.23 28.22 28.44 26.01 27.18 30.25 34.05 18.32 32.22 27.42 12.22 33.24 35.31 12.57 17.44 28.32 25.27 27.19 42.23 12.36 36.44 40.47 30.41 44.17 41.44 26.28 28.44 44.23 15.19 30.48 32.24 19.23 28.5 32.45 19.08 
37.02 30.48 32.43 25.23 33.82 23.23 23.33 33.85 16.06 31.09 30.43 8.61 26.48 31.45 13.78 31.44 26.65 23.27 20.22 37.23 36.49 16.23 41.35 29.29 23.05 21.27 18.3 34.22 30.44 17.19 32.48 30.19 14.97 35.2 31.19 19.98 
21.43 34.3 16.22 25.52 28.01 13.42 35.26 31.77 28.19 35.29 28.44 28.51 28.22 44.49 15.78 31.72 33.29 13.26 25.19 35.31 31.31 27.23 30.46 33.61 25.5 26.38 25.42 34.23 22.3 17.3 28.48 37.31 13.23 28.27 19.92 28.75 
23.43 36.37 36.44 32.3 29.39 21.85 22.33 28.59 27.29 37.02 26.43 12.54 25.23 37.66 16.46 21.32 29.42 21.32 25.19 28.43 29.38 23.42 22.25 23.18 16.9 33.1 12.36 32.22 24.3 12.22 31.45 22.27 13.16 21.35 19.38 25.18 
28.22 34.3 26.22 28.44 27.32 25.13 36.52 36.38 25.4 30.44 29.42 15.52 13.9 32.26 10.5 37.21 25.26 19.1 34.22 40.23 22.22 32.44 36.45 19.31 38.12 41.42 19.68 26.44 28.43 9.63 28.05 18.33 20.17 35.02 37.16 16.19 
26.41 34.22 20.22 25.48 37.06 16.57 34.58 36.35 19.71 27.09 36.51 27.17 28.97 24.45 31.07 31.93 30.56 33.03 27.19 34.43 34.23 31.23 36.47 17.61 33.4 24.26 21.3 40.3 36.96 20.22 34.25 32.98 20.3 37.47 33 23.49 
34.22 34.48 20.22 32.44 26.63 30.14 17.74 41.82 24.16 31.09 34.44 8.61 32.44 36.35 19.49 32.45 22.55 24.99 32.22 38.23 29.31 26.18 31.24 30.77 21.04 32.16 30.9 40.23 30.43 17.19 30.48 36.19 22.98 35.1 26.18 9.63 
30.22 25.97 38.44 28.44 38.34 26.65 23.3 25.83 32.36 30.44 28.43 16.22 13.9 35.45 15.52 30.51 21.39 23.18 36.22 40.23 12.36 29.42 34.47 31.13 29.05 26.13 24.15 34.22 36.43 19.19 34.48 43.25 21.23 33.88 31.9 14.13 
32.22 25.97 26.94 33.78 18.72 17.96 36.29 34.25 16.46 29.5 42.43 8.61 26.48 34.65 26.25 29.98 29.64 21.96 9.63 32.43 43.8 24.3 33 28.01 18.52 40.51 15.6 46.22 38.51 15.19 38.44 30.23 18.97 30.94 35.49 25.99 
21.43 25.97 33.31 28.3 37.03 23.24 27.5 41.06 28.19 26.44 34.51 26.22 29.24 23.52 20.18 16.43 37.51 36 27.19 30.43 33.8 27.23 42.31 22.01 39.27 36.23 26.74 40.3 27.23 14.22 31.32 35.25 13.65 26.94 21.68 15.52 
32.22 27.97 18.22 32.44 32.01 21.31 30.46 33.17 28.19 26.44 38.51 18.22 16.81 36.46 23.53 22.43 43.57 21.14 32.22 34.23 39.36 27.23 34.46 29.5 18.22 44.3 12.36 40.3 26.43 13.19 32.25 32.44 11.66 30.23 19.53 30.37 
21.43 30.22 22.22 30.44 28.01 24.24 22.38 23.21 20.97 28.44 36.23 26.22 35.33 32.33 28.25 21.53 24.54 18.17 34.22 36.23 32.23 25.23 35.25 32.84 30.54 28.46 26.76 28.44 32.43 20.22 32.48 28.34 21.24 37.35 26.75 9.63 
24.41 29.51 13.16 30.49 28 21.2 27.5 35.84 16.24 36.23 27.2 19.3 32.24 33.48 29.77 34.21 27.08 25.76 20.22 46.29 17.43 15.55 38.47 19.42 15.52 42.38 12.36 34.99 28.3 22.28 41.33 34.17 9.63 29.22 31.45 9.63 
30.22 26.43 34.32 28.3 26.01 19.73 19.53 23.02 24.31 39.02 36.31 24.22 25.23 31.54 13.3 31.14 30.47 8.62 25.19 28.43 29.47 25.42 36.34 23.23 27.17 25.05 23.05 28.44 24.3 9.63 33.33 28.34 9.63 31.3 49.17 13.16 
23.43 40.38 20.22 32.3 34.6 30.24 40.34 46.17 32.8 26.44 32.23 12.54 14.81 44.25 21.51 18.41 41.68 28.53 44.68 34.43 26.37 38.7 34.47 31.5 32.72 32.49 27.52 28.44 38.89 13.19 26.48 30.76 17.15 27.89 40.39 33 
26.22 25.97 34.31 32.44 31.8 22.44 21.95 23.74 24.31 26.44 30.31 14.22 13.9 29.53 12.57 29.2 43.37 25.29 16.22 44.24 12.36 22.31 38.46 19.71 11.68 41.72 26.53 28.44 32.52 28.23 35.33 22.33 9.63 26.94 26.64 9.63 
32.22 29.97 22.22 38.3 38.01 29.31 43.53 43.04 32.24 38.23 40.51 16.54 26.44 32.46 17.79 14.44 37.4 20.75 28.22 28.43 27.47 33.46 33.31 31.82 19.25 43.15 21.62 42.3 24.3 15.19 34.25 31.67 30.16 32.94 36.13 20.62 
21.43 31.23 26.94 27.16 28.18 22.76 21.77 34.58 18.79 35.5 36.43 15.52 21.71 36.26 21.24 12.36 32.27 13.59 9.63 40.23 24.22 13.55 36.47 15.24 27.9 30.68 30.47 40.22 26.3 20.22 42.05 35.72 25.24 39.27 27.35 9.63 
28.22 32.49 34.32 32.3 38.51 21.24 17.5 41.54 21.26 32.22 30.31 8.61 18.43 35.33 14.34 15.23 39.36 20.64 27.19 34.43 26.48 47.25 44.32 26.5 44.18 44.26 25.42 28.44 33.23 13.19 26.68 50.22 13.16 26.24 32 13.04 
34.22 34.23 20.94 33.02 32.77 9.63 26.36 22.88 30.59 37.38 36.44 24.22 40.34 33.54 28.25 32.15 31.48 30.21 9.63 36.43 12.36 13.55 43.32 36.05 13.58 37.13 26.77 42.23 22.3 9.63 33.32 22.33 22.29 22.69 21.53 30.53 
34.22 32.43 28.22 26.44 26.01 14.03 22.44 24.7 28.92 41.02 34.43 26.22 25.23 29.78 16.43 30.51 22.85 30.36 27.19 38.23 30.41 26.17 39.25 28.45 32.79 36.85 28.12 36.22 26.3 14.12 31.13 51.22 23.24 33.45 32.8 32.06 
30.22 30.43 28.22 34.3 31.47 14.03 24.7 31.68 12.54 41.02 27.42 22.22 33.03 36.35 8.58 35.99 36.31 12.53 27.19 32.43 40.46 28.23 29.07 24.58 35.99 44.29 31.42 30.44 26.3 17.19 30.48 35.04 9.63 24.28 30.8 27.11 
24.22 26.43 28.22 28.45 30.01 18.83 37.38 27.74 13.04 26.44 25.42 20.22 13.9 34.34 26.24 21.52 27.35 25.26 36.31 36.24 29.47 32.53 37.26 23.25 26.2 38.86 36.27 28.44 32.52 22.23 30.48 32.47 23.25 30.3 28.45 15.14 
41.02 30.44 14.18 33.24 33.46 9.63 24.37 26.39 23.18 28.44 40.31 18.23 13.9 37.03 18.58 29.53 38.05 17.45 25.19 35.23 12.36 32.32 40.47 22.66 33.18 46.21 12.36 30.44 34.31 17.19 31.16 58.36 35.24 34.29 38.34 14.02 
21.43 32.37 9.63 35.52 31.94 30.12 26.32 28.43 32.15 37.23 48.31 16.54 25.44 42.34 26.65 16.65 35.02 15.52 28.22 39.31 35.31 47.46 35.19 17.43 37.39 38.42 30.57 26.44 24.3 13.19 32.52 35.52 34.4 16.62 31.79 26.16 
21.43 34.23 35.04 35.95 36.96 25.25 35.36 37.96 24.17 26.44 32.31 12.22 31.32 24.74 23.46 28.56 42.59 26.06 9.63 49.02 12.36 30.31 39.24 34.16 27.17 28.15 26.96 26.44 40.52 15.19 35.33 31.32 15.22 26.5 27.35 9.63 
32.22 28.37 42.32 32.44 26.01 28.12 23.24 25.83 25.94 28.44 40.31 12.54 28.48 37.33 12.57 33.66 38.5 25.64 32.22 42.23 34.38 36.44 37.25 18.5 31.18 39.39 17.74 28.44 30.43 15.19 28.48 28.5 17.08 31.19 25.06 9.63 
23.43 25.4 28.22 30.3 27.16 23.24 18.49 24.96 26.52 26.44 34.43 16.22 21.23 31.46 17.22 28.44 29.28 15.26 32.22 28.43 26.41 26.17 25.01 23.29 28.19 35.23 24.44 40.22 30.43 16.22 26.48 33.99 31.32 25.51 25.21 12.8 
36.22 34.22 31.29 37.06 26.01 30.31 21.13 32.85 21.33 26.44 23.42 24.22 32.44 29.51 26.25 24.44 26.91 23.24 32.22 28.43 30.23 26.23 33.27 20.35 40.39 33.43 33.59 30.44 34.43 19.19 41.3 43.45 25.23 43.54 37.66 16.67 
23.43 30.43 33.23 22.51 26.01 21.35 32.03 30.56 28.19 28.44 38.43 22.22 34.53 26.44 33.34 22.95 42.67 23.27 36.31 32.3 27.47 23.42 30.47 30.34 36.56 24.14 19.42 42.22 30.52 12.22 34.24 38.54 19.23 28.3 25.41 13.65 
