10383
3845.85
2734.37
2167.64
2270.56
2129.59
2183.28
2237.35
2235.69
2015.93
2391.94
2133.04
2194.6
2111.25
1728.97
1920.09
1420.71
1316.82
1177.28
1132.63
1016.12
1045.5
1111
1072.6
1153.15
1006.59
956.21
978.884
1209.7
1003.05
980.157
946.294
990.566
950.526
943.002
975.453
1026.61
950.556
944.263
951.912
1097.72
961.81
921.356
930.37
923.563
901.408
921.505
973.076
967.785
927.181
912.294
921.443
924.148
928.381
987.762
1124.25
931.405
878.97
982.397
969.039
936.334
869.847
924.093
893.276
947.117
953.286
884.549
940.678
935.886
906.819
897.707
1107.6
933.112
917.047
871.045
888.283
942.957
987.302
906.727
937.326
868.743
975.586
884.894
891.514
947.762
888.196
925.023
964.044
927.8
953.141
918.856
930.621
981.255
921.009
911.061
939.083
915.7
939.143
986.384
1001.86
927.078
879.477
947.714
915.223
911.599
921.193
917.032
910.085
977.371
978.475
981.63
890.043
957.159
872.501
970.277
896.249
877.218
978.777
884.11
942.2
904.096
912.076
878.686
906.227
893.711
1429.49
1073.49
1180.22
891.956
924.725
912.395
944.054
921.303
916.916
899.818
888.291
960.223
920.967
943.225
931.248
933.469
915.189
902.435
918.236
904.258
896.551
937.687
951.742
908.352
937.841
1181.43
946.658
966.203
916.878
861.972
917.038
1009.94
899.659
903.953
943.523
916.434
898.272
909.652
941.773
960.223
926.259
1129.93
967.971
919.382
875.444
851.408
879.191
913.768
890.177
921.014
925.309
900.459
915.919
908.044
930.554
940.354
931.638
902.553
960.484
982.232
903.425
907.621
877.692
985.694
883.305
947.505
939.78
878.419
908.646
889.166
885.401
898.33
870.861
930.833
946.46
901.734
956.187
920.887
872.839
946.779
852.222
933.689
917.965
906.819
947.874
973.623
910.592
1058.71
880.988
989.101
925.227
922.756
942.762
1031
931.122
891.889
908.27
879.058
875.923
914.298
883.976
889.228
859.294
904.934
874.938
912.655
972.452
939.454
906.066
918.892
918.168
868.643
882.003
919.15
938.144
932.255
904.937
985.336
943.811
931.377
878.187
912.819
922.2
936.809
946.773
878.465
920.399
921.334
970.115
888.651
1001.72
915.553
936.914
941.845
946.123
951.318
919.44
913.223
941.709
925.908
890.873
916.288
915.613
911.533
935.406
935.63
968.185
923.654
935.523
898.859
880.912
875.307
923.858
948.103
929.94
916.6
883.814
890.567
874.151
927.561
944.508
896.508
924.063
1041.33
893.39
885.234
937.833
940.966
925.226
903.974
916.948
975.918
980.957
939.52
927.588
910.625
953.936
957.028
937.353
946.361
929.156
966.363
900.98
936.555
875.855
891.116
961.485
913.857
908.804
975.171
1002.11
1000.78
922.67
938.206
962.449
952.435
947.661
872.547
905.189
1017.47
897.112
951.118
903.697
939.524
921.356
901.732
942.966
938.04
938.501
916.773
909.377
1020.85
931.656
890.519
925.203
954.824
952.332
940.864
899.59
935.893
903.305
923.446
957.207
911.625
1049.16
944.801
891.104
933.278
922.985
946.307
924.062
924.485
988.831
908.818
964.126
903.303
1009.9
1012.04
967.225
914.892
901.184
862.238
985.748
967.364
950.525
964.979
919.718
971.397
911.171
894.85
937.161
985.636
924.121
919.395
925.643
899.237
988.101
893.926
943.81
996.406
904.159
903.267
942.325
900.852
912.604
867.871
921.77
932.826
924.89
926.908
938.616
947.558
891.5
892.529
915.795
925.132
965.84
973.767
900.126
883.057
933.403
988.278
908.181
994.641
980.383
878.394
956.834
888.007
929.743
1203.06
881.187
1018.45
919.209
891.045
934.375
1014.46
930.759
903.869
896.993
942.527
916.639
950.099
976.581
937.226
1002.09
966.063
1008.08
909.672
960.201
1008.99
971.432
938.901
1020.64
914.343
999.6
934.951
960.058
888.492
928.22
882.431
975.946
896.231
936.397
973.784
995.192
904.26
971.899
953.339
1064.32
931.258
961.387
938.263
913.414
948.966
962.423
949.915
918.296
866.866
922.677
934.927
976.759
917.228
937.609
937.681
873.093
963.266
880.127
917.094
926.158
966.337
898.548
927.323
909.028
858.223
942.533
996.956
972.594
950.408
918.291
904.876
926.826
1032.01
952.721
911.926
864.087
938.215
958.609
870.57
931.2
949.528
885.878
924.411
891.54
965.05
973.968
