30.22 26.43 12.23 28.22 22.98 13.16 19.21 22.05 13.16 30.28 30.45 22.22 18.49 32.46 25.32 25.52 28.27 13.4 20.22 42.44 22.45 21.29 42.26 12.36 15.37 32.59 25.09 18.22 33.29 20.12 18.24 25.52 28.23 16.56 33.95 13.35 
26.44 32.52 15.19 22.5 29.54 14.01 26.29 29.14 23.85 34.23 48.32 30.31 24.44 38.53 31.34 22.48 38.35 19.26 22.22 38.3 18.44 25.24 35.45 21.47 23.45 44.09 14.93 28.22 33.45 20.22 13.77 27.58 27.24 18.39 27.04 12.22 
34.22 43.03 17.19 27.47 33.03 22.15 24.16 35.18 22.46 20.42 22.47 19.19 19.45 44.35 27.24 29.33 36.56 21.45 22.22 43.45 25.02 25.06 44.48 27.46 18.54 49.21 22.21 22.26 20.43 18.2 26.48 26.34 19.43 25.75 14.52 14.24 
23.43 27.97 9.63 29.3 26.53 27.32 21.51 41.37 16.32 12.36 25.42 34.33 25.16 34.46 26.26 21.25 34.07 26.28 20.22 45.52 24.45 23.13 33.49 16.27 9.63 44.46 31.28 12.36 30.23 19.3 10.33 19.91 13.16 27.76 25.24 22.43 
26.22 24.43 25.23 24.24 23.36 23.44 28.28 31.54 21.65 30.22 34.43 20.22 18.43 35.45 29.31 17.47 29.24 22.7 22.18 42.45 21.45 19.21 32.46 22.49 16.22 35.9 24.13 34.22 29.23 26.23 35.24 39.04 22.04 28.36 23.92 13.16 
24.22 31.98 14.2 42.45 36.82 17.29 19.63 28.03 23.44 24.22 30.43 26.22 23.24 33.52 21.8 31.35 26.32 17.82 21.16 48.24 12.36 14.44 32.45 25.29 20.17 37.4 25.45 38.22 34.23 14.18 31.31 27.25 18.23 31.32 32.03 25.88 
32.22 36.23 16.28 31.74 26.54 22.31 21.9 26.43 23.68 27 36.5 19.55 18.41 33.45 20.44 12.36 26.39 15.97 15.17 32.42 22.22 23.01 26.3 30.27 28.07 31.22 21.25 22.22 31.22 26.3 20.29 23.98 9.63 12.36 20.25 29.47 
30.22 25.97 23.21 28.24 22.32 14.22 23.05 22.01 26.24 34.23 28.29 12.22 31.25 31.03 13.81 25.05 26.02 24.84 24.22 40.83 24.46 22.19 48.47 27.85 26.55 32.49 23.67 22.26 21.94 22.23 14.28 20.08 19.67 19.14 29.46 21.66 
16.42 24.22 18.92 27.02 24.96 17.94 19.23 24.54 21.77 21.43 29.3 17.86 20.46 29.61 22.38 27.66 27.19 26.07 9.63 42.51 26.23 25.51 36.46 24.17 18.64 17.33 22.86 23.43 23.5 24.29 23.81 23.72 34.52 15.87 18.98 25.53 
30.28 30.97 13.19 33.51 35.26 19.96 29.23 38.08 16.97 18.42 39.23 22.22 19.3 36.25 22.46 22.43 32.2 15.52 32.29 43.3 16.44 27.24 41.73 29.54 22.72 38.54 12.36 18.42 30.5 27.29 27.02 31.52 28.31 22.03 26.17 13.68 
26.44 29.23 24.29 28.43 27.95 14.17 27.2 25.16 20 22.22 42.3 17.55 21.29 42.31 20.58 23.3 34.35 17.6 15.17 42.23 20.22 14.37 40.41 31.35 23.44 42.22 19.44 20.42 28.23 28.22 20.41 41.31 21.23 24.44 32.51 15.07 
32.22 28.44 15.27 22.22 20.98 21.48 28.26 32.31 15.45 32.23 35.49 18.23 22.42 33.46 22.81 12.36 32.46 16.27 20.22 42.44 12.36 15.55 37.25 22.43 23.27 37.07 17.24 24.26 24 15.19 23.28 38.33 21.16 12.36 31.78 20.73 
22.26 27.36 20.2 22.27 19.98 15.01 19.07 29.98 16.17 25.43 28.43 13.53 24.46 30.28 23.33 12.36 31.43 23.55 30.22 35.43 33.37 28.44 37.82 17.56 19.52 16.68 29.05 30.22 26.43 36.28 20.46 21.51 18.73 16.15 24.86 9.63 
30.22 30.43 27.23 28.23 22.98 17.44 22.44 33.35 13.23 16.22 36.44 22.22 26.24 20.43 23.32 22.32 31.16 29.15 9.63 46.45 26.46 23.16 36.66 24.43 9.59 41.44 23.4 20.22 32.23 26.23 20.23 32.25 16.22 22.28 25.24 9.63 
24.22 20.96 22.2 12.36 29.29 21.23 18.31 29.04 15.77 31.23 42.03 22.2 31.25 34.25 15.58 12.36 33.01 21.25 26.22 39.43 27.29 23.24 38.46 28.22 26.25 41.56 24.43 23.43 21.29 9.63 36.24 22.32 23.67 20.97 18.46 25.28 
16.22 43.38 17.19 12.27 37.33 16.15 15.72 35.35 19.18 20.42 56.05 15.54 29.25 42.3 27.55 15.45 32.51 29.37 44.29 48.29 25.47 32.45 35.68 23.31 22.71 38.52 19.7 20.42 44.5 14.26 17.45 36.31 26.28 36.26 29.17 21.1 
34.22 30.97 20.29 32.68 37.74 9.63 22.04 37.74 21.62 16.42 38.51 16.28 26.48 32.73 19.56 18.89 28.65 19.94 28.29 28.81 12.36 18.44 54.29 30.74 26.27 30.27 30.36 16.42 24.5 22.2 26.3 40.56 25.26 22.45 31.79 25.77 
26.22 18.96 28.23 25.52 28.95 23.98 21.02 21.54 20.15 22.41 44.24 27.32 23.48 32.45 29.54 19.21 31.21 15.54 36.28 43.31 23.45 31.31 36.46 21.32 23.52 46.38 25.15 32.22 36.49 14.18 22.46 29.52 13.21 23.88 24.64 22.16 
30.22 24.44 19.22 22.22 23.18 24.56 12.36 28.07 14.29 27.09 28.43 20.23 23.24 25.52 17.16 19.42 26.27 20.06 18.22 46.44 12.36 16.23 34.45 18.31 20.97 40.2 22.07 32.22 26.44 9.63 27.31 23.32 23.02 25.3 18.13 22.23 
12.36 36.3 17.19 14.76 29.31 20.17 27.31 30.59 23.32 18.42 35.23 17.54 29.29 32.55 29.31 13.49 34.43 17.51 24.22 40.24 22.22 19.29 39.26 21.31 19.51 38.89 19.42 39.02 20.43 20.23 29.24 26.34 22.24 16.41 30.07 9.63 
26.44 33.23 15.19 18.46 28.31 19.96 12.36 35.28 21.18 25.23 35.23 15.55 25.2 22.47 19.47 12.36 26.21 13.5 18.22 30.42 22.22 17.22 44.41 20.44 19.52 34.35 22.5 20.42 20.28 9.63 29.02 19.5 23.23 23.24 23.99 13.23 
30.22 36.44 9.63 18.45 28.44 19.41 24.63 29.41 22.59 26.44 46.63 26.23 23.47 33.46 22.65 17.09 25.18 21.21 22.22 42.44 12.36 18.22 30.76 32.18 21.16 43.34 24.43 12.36 34.44 32.23 14.76 23.3 16.43 22.83 17.78 9.63 
16.42 26.28 31.31 17.45 39.3 13.21 14.49 27.09 9.63 36.23 27.3 24.49 22.46 33.46 19.16 21.42 35.69 30.25 22.22 42.3 25.29 26.24 38.24 18.21 19.36 48.28 21.22 23.43 19.29 24.29 33.32 24.45 18.23 32.48 19.29 9.63 
26.44 30.97 15.23 22.39 30.36 19.58 12.36 34 18.59 20.42 24.43 19.19 26.27 33.45 20.58 21.14 35.85 14.39 20.26 38.23 16.44 16.2 39.46 28 23.88 35.97 17.01 22.22 26.95 22.22 13.77 26.19 23.68 27.07 19.32 17.17 
28.22 29.97 22.94 24.96 19.71 13.16 21.02 21.55 21.99 33.5 40.23 12.22 19.71 34.44 26.8 17.69 28.28 27 9.63 44.44 12.36 15.55 28.77 12.36 22.17 38.49 18.6 26.44 22.3 16.23 22.43 26.43 15.24 29.89 27.78 9.63 
26.41 29.97 13.16 20.45 24.98 20.65 21.95 40.79 15.46 18.22 31.5 8.61 21.47 31.46 21.72 25.41 32.2 20.55 13.16 51.33 26.46 29.8 44.78 28.56 20.74 39.28 12.36 12.36 23.94 18.22 21.29 30.02 22.07 15.53 22.13 30.96 
20.42 24.05 20.22 24.29 23.98 9.63 24.3 30.8 12.22 25.43 32.23 18.22 24.46 40.24 31.74 24.42 32.54 16.53 28.22 35.43 22.41 17.21 28.79 29.8 22.17 46.37 17.8 22.41 35.24 30.3 31.08 43.23 13.16 21.67 29.71 14.69 
28.22 30.97 22.29 31.67 25.95 22.18 20.18 32.99 16.43 29.27 42.51 24.28 31.29 46.73 30.8 27.32 30.52 18.17 17.17 40.24 16.44 15.21 49.21 33.95 13.51 27.19 23.75 20.42 16.28 24.23 24.3 26.04 21.18 24.45 29.78 15.47 
12.36 38.23 23.23 18.23 26.23 15.16 19.23 28.72 14.18 20.42 28.43 21.19 28.29 41.24 18.43 23.25 42.02 24.39 26.22 28.8 22.22 21.29 33.45 33.44 29.29 38.48 24.34 30.22 24.43 22.2 23.24 28.31 9.63 15.73 25.8 22.11 
12.36 38.29 13.19 17.45 32.42 13.21 26.98 30.45 17.23 22.26 32.43 22.28 17.44 29.44 14.69 19.21 34.67 22.7 17.17 34.3 12.36 9.63 42.41 29.41 29.25 40.02 32.47 16.42 21.27 22.2 17.45 29.32 13.16 12.23 25.25 28.81 
12.36 37.23 17.19 16.76 38.15 13.96 19.21 25.14 19.06 16.42 41.32 15.54 31.46 33.28 12.17 30.12 26.94 20.22 24.26 48.63 26.22 19.29 42.41 25.7 8.66 30.56 24.33 18.42 20.47 14.26 17.45 17.5 19.23 20.86 17.18 28.49 
33.5 32.3 23.44 24.55 28.26 13.97 26.41 36.1 18.09 27.27 41.32 17.55 12.36 34.26 26.24 22.33 27.31 17.16 19.17 33.53 26.22 25.28 25.35 24.26 28.4 36.13 20.21 24.26 20.28 9.63 23.45 23.49 28.41 15.52 27.62 24.33 
26.22 20.96 22.01 16.01 33.52 21.17 12.37 29.12 22.51 29.5 26.49 24.79 12.36 21.38 25.94 30 28.27 24.74 9.63 39.43 21.45 25.72 38.46 30.8 15.16 48.29 18.73 34.28 35.51 20.28 27.3 23.73 19.67 25.94 33.51 11.74 
14.24 36.5 15.19 39.53 23.99 24.1 26.12 28.58 15.31 30.23 35.5 28.26 26.44 36.31 27.48 30.16 32.32 26.91 18.22 49.33 16.28 29.11 40.18 19.21 17.9 42.41 20.42 20.42 20.28 12.25 25.29 17.31 23.23 16.41 24.87 11.78 
24.22 33.42 27.3 24.23 36.28 18.25 24.7 28.08 14.29 22.41 39.52 22.22 31.19 34.53 18.03 20.7 36.28 13.5 20.18 37.38 20.41 17.21 33.38 26.17 17.1 34.41 20.43 23.43 28.28 9.63 33.31 22.32 9.63 34.33 15.37 18.24 
26.44 32.3 9.63 20.51 34.3 14.22 12.36 41.34 25.35 22.22 35.32 16.28 17.96 35.06 14.45 20.17 41.29 18.42 19.17 42.31 18.44 22.44 37.26 26.24 16.15 47.28 31.23 20.42 30.23 9.63 17.45 29.46 15.25 28.27 18.17 25.28 
12.36 32.07 22.23 33.07 21.75 24.07 11.57 33.21 20.06 18.42 40.45 24.21 18.46 33.52 15.21 30.5 42.14 25.18 22.26 38.25 16.44 16.2 24.45 16.22 9.63 42.15 26.43 26.22 20.47 12.23 34.24 28.49 12.24 29.33 27.51 16.31 
22.41 30.37 19.23 25.22 34.01 16.22 25.53 35.02 17.46 12.36 30.44 12.54 20.23 28.45 16.52 26.04 34.28 15.8 20.22 43.02 12.36 24.23 41.34 22.36 19.82 47.31 12.36 20.22 27.94 17.19 20.23 26.97 16.07 13.64 22.69 21.91 
28.22 23.4 23.23 22.22 31.54 17.16 22.9 33.64 20.63 12.36 30.44 16.22 25.86 39.26 25.24 18.32 26.39 17.86 14.22 42.44 12.36 15.54 38.32 12.36 21.02 40.34 25.25 12.36 22 13.19 16.23 22.97 19.31 21.49 23.33 17.32 
12.36 32.07 18.29 20.25 37.26 16.15 19.23 24.96 23.18 22.26 34.51 24.22 17.44 31.45 23.61 19.31 25.46 23.47 17.17 34.42 20.44 20.2 37.45 23.4 23.16 42.27 12.36 20.42 21.27 30.3 20.3 25.98 31.32 14.79 31.93 25.95 
30.28 34.3 14.27 31.32 28.01 9.63 28.34 31.31 20.65 26.22 44.49 19.55 19.96 37.43 12.47 21.26 26.65 29.57 15.17 49.54 20.22 14.39 37.02 29.32 11.53 37.11 30.94 24.26 30.23 9.63 32.28 32.01 21.23 24.49 22.92 11.92 
30.22 27.97 12.23 30.24 22.98 22.21 27.64 24.98 16.29 30.28 27.41 16.22 24.42 39.55 16.58 25.05 22.02 25.39 22.22 38.83 22.45 16.2 48.67 27.78 28.25 34.45 26.75 18.22 31.29 26.23 31.28 39.29 28.59 23.24 32.93 26.12 
32.22 34.23 13.16 29.46 26.22 13.16 12.37 41.88 19.55 27.09 34.31 24.44 22.42 39.53 23.82 12.36 21.49 24.07 13.16 40.84 18.22 18.99 32.77 30.56 27.13 32.94 12.36 26.44 29.2 17.19 32.52 31.21 14.21 18.27 26.43 14.62 
28.22 20.96 21.23 12.36 33 21.24 21.42 32.75 16.18 26.22 24.43 26.79 22.3 30.45 26.79 19.31 33.32 16.8 20.18 40.23 19.45 15.21 36.47 16.48 29.26 39.44 25.46 32.22 50.31 13.16 29.24 32.52 29.67 12.36 27.44 19.68 
22.26 18.96 16.19 23.41 30.23 21.17 20.23 35.27 23 25.43 25.48 27.29 28.3 32.28 21.24 22.26 37.28 18.45 18.22 37.43 23.45 19.21 51.22 30.52 26.43 30.19 31.52 28.22 29.3 22.27 24.46 32.31 15.21 27.97 33.25 30.26 
26.22 21.96 19.2 26.23 41.05 14.95 14.52 27.77 24.81 12.36 28.49 12.54 14.23 29.52 28.3 22.5 36.08 18.51 20.22 29.41 27.29 9.63 39.47 19.21 20.9 42.22 17.49 30.28 29.5 28.23 31.31 37.51 18.22 35.92 41.47 15.17 
16.42 38.45 14.2 22.07 40.8 20.37 21.45 30.39 15.17 28.22 25.48 20.22 15.49 34.24 24.17 12.36 32.98 31.18 20.18 40.3 22.23 27.1 47.23 17.44 25.51 36.76 29.46 28.22 38.89 26.29 32.03 33.1 14.22 20.03 34.13 21.26 
20.42 32.22 16.22 21.45 35.24 19.22 27.29 20.8 23.44 38.23 44.33 24.43 22.37 38.48 25.38 18.39 38.14 13.54 24.22 33.43 25.23 9.63 45.32 30.45 28.26 32.19 12.36 32.23 35.24 21.21 18.46 23.45 11.82 15.52 31.56 9.63 
36.22 32.22 22.2 18.43 28.43 13.16 15.31 35.26 16.33 29.23 44.33 22.43 16.46 38.55 8.58 19.42 40.76 16.15 26.22 43.31 24.41 27.24 42.34 25.36 19.65 48.49 22.21 25.43 21.29 25.23 16.46 19.45 22.24 16.32 26.14 30.35 
30.22 32.22 23.22 12.36 34.31 21.31 30.59 25.1 9.63 23.43 28.43 24.43 29.17 30.45 13.57 25.7 26.19 20.99 12.22 37.43 29.23 21.16 42.52 25.02 13.95 48.35 23.03 32.22 21.29 23.21 22.44 16.32 9.63 19.5 15.35 24.53 
28.22 28.28 18.22 22.41 29.3 19.24 19.49 36.34 20.29 30.22 32.44 22.49 21.24 31.31 11.53 19.37 42.53 24.34 22.18 38.28 25.29 20.44 36.33 24.48 25.19 42.3 19.27 34.23 32.23 9.63 27.31 25.25 15.16 31.25 27.41 17.15 
16.22 37.23 15.19 25.29 29.44 27.46 12.36 30.43 13.16 27.23 46.32 15.54 12.36 28.52 8.58 22.42 39.49 17.55 20.22 30.42 20.22 15.22 43.32 28.46 23.84 31.4 22.17 18.42 13.49 28.3 12.36 25.98 19.23 28.53 19.82 20.09 
18.42 30.22 14.19 34.45 22.95 25.26 18.23 30.4 9.63 26.41 46.03 30.43 26.3 42.27 22.37 22.24 34.5 20.38 18.22 39.43 23.45 8.61 36.3 29.37 16.43 38.53 18.95 21.43 28.28 34.29 32.24 13.34 22.24 30.14 20.15 20.06 
12.36 38.52 19.19 28.27 26.99 23.91 33.25 30.55 9.63 20.42 33.06 26.3 29.98 28.89 18.07 12.36 34.16 20.74 19.17 36.48 16.44 14.2 45.2 30.49 28.35 44.39 24.65 20.42 23.23 14.26 18.41 39.04 19.23 16.39 28.96 13.95 
18.22 35.44 15.19 32.28 21.99 27.28 12.36 30.77 18.02 26.23 32.42 27.23 12.36 30.49 26.03 19.44 28.51 22.55 18.22 32.42 20.28 22.23 43.56 21.7 23.28 35.44 32.8 16.42 34.51 16.2 32.29 30.33 20.12 25.71 23.76 9.63 
20.42 20.96 22.2 12.36 36.33 13.21 17.21 36.38 25.08 32.23 34.51 27.8 18.39 33.18 20.31 12.36 38.08 25.83 24.22 44.23 23.29 22.3 27.36 20 26.95 43.47 21.7 23.43 19.29 9.63 24.3 20.51 30.67 26.93 29.87 15.66 
28.22 28.28 25.29 28.23 35.5 25.29 16.43 29.94 16.15 34.23 28.49 20.49 20.46 41.31 23.29 22.29 32.28 19.15 22.22 38.44 25.29 36.33 34.46 26.43 27.28 41.42 17.44 32.28 23.29 14.18 29.3 32.54 27.38 28.45 25.5 22.34 
24.41 34.44 13.16 22.43 24.99 9.63 12.36 35.68 16.53 32.23 34.31 26.23 18.44 26.45 30.82 24.19 30.27 18.81 20.22 36.23 18.22 15.19 43.47 26.72 12.49 33.18 24.43 26.44 33.24 20.22 24.82 28.4 19.16 12.36 26.84 9.63 
12.36 45.52 20.29 21.43 30.5 16.22 27.45 28.07 18.17 25.23 32.3 33.3 40.2 27.45 29.72 15.38 26.47 13.6 20.22 36.24 16.44 13.17 50.2 26.42 25.26 37.42 28.43 18.42 13.49 20.23 26.48 22.25 15.16 25.42 18.25 23.97 
30.22 23.96 22.22 18.65 28.57 15.02 32.47 22.74 24.06 12.36 29.41 20.22 12.36 30.45 22.23 22.42 40.85 22.37 18.22 30.79 12.36 20.22 50.68 31.78 16.44 30.88 32.81 12.36 30.44 15.19 30.24 37.34 19.68 23.69 29.8 24.13 
12.36 37.23 19.19 18.23 36.19 23.02 22.11 24.2 16.2 18.42 30.42 15.54 12.36 38.28 18.57 23.31 30.43 15.78 22.22 32.42 24.22 14.37 46.29 24.42 22.19 37.44 25.37 18.42 22.43 32.3 16.29 25.98 19.23 29.29 22.17 23.18 
24.22 29.36 20.92 20.01 26.03 21.95 28.53 27.37 22.59 35.5 40.3 13.53 23.71 36.52 11.56 29.12 36.69 15.54 9.63 39.43 26.37 21.21 36.46 23.24 22.38 44.22 26.23 25.43 21.29 20.28 28.51 17.18 14.08 23.45 13.39 20.19 
32.28 18.96 20.2 32.52 30.79 9.63 20.52 20.02 19.73 30.23 35.3 28.79 22.46 31.52 23.23 21.42 27.67 20.94 22.22 46.32 21.45 28.24 40.34 23.72 29.06 36.88 12.36 21.43 19.29 28.29 17.51 29.68 18.75 11.15 27.99 13.16 
26.41 27.97 16.22 22.29 26.32 21.23 26.29 35.27 23.85 12.36 38.44 12.54 25.47 30.6 20.47 35.28 37.41 24.29 16.22 47.32 26.46 16.23 29.52 25.33 14.61 35.12 28.15 38.23 30.44 22.28 36.45 31.34 19.16 31.89 27.24 16.22 
34.22 34.44 21.2 12.36 41.07 23.82 21 31.45 9.63 16.22 38.44 26.23 27.86 28.45 20.23 27.86 35.73 17.93 9.63 44.44 16.22 13.54 30.76 19.23 16.57 48.67 29.86 12.36 26 15.19 24.23 29.86 13.16 19.44 29.88 19.82 
28.22 23.96 25.22 22.44 27.65 15.97 21.7 26.85 13.37 12.36 30.43 16.22 23.47 23.44 23.77 12.36 33.14 29.6 18.22 40.24 12.36 18.28 48.47 25.49 24.18 44.49 21.42 34.22 28.49 24.23 29.24 19.32 24.89 20.77 27.46 20.71 
20.22 32.97 24.29 18.23 24.79 17.16 12.36 26.77 16.25 16.42 46.51 22.28 12.36 38.72 16.78 31.5 30.47 13.54 22.22 30.42 12.36 17.22 44.41 31.95 15.22 28.73 21.75 18.42 22.43 42.29 34.3 31.51 24.43 26.45 22.43 11.51 
12.36 34.07 19.19 23.5 36 28.66 25.26 31.58 26.5 24.22 36.66 24.21 20.01 34.4 22.34 28.27 27.52 13.8 19.17 35.53 22.44 22.44 33.45 19.47 13.16 39.06 20.2 34.22 30.23 9.63 20.79 32 19.23 12.36 31.06 17.94 
28.22 44.49 14.19 21.5 29.01 21.23 18.32 34.05 22.54 26.23 27.3 36.28 23.25 21.44 32.49 17.45 32.04 28.69 18.22 41.31 20.41 18.45 35.26 30.42 11.73 43.31 16.63 23.43 28.24 23.21 19.81 25.26 18.24 23.25 28.13 13.16 
12.36 34.5 26.23 26.4 33.46 15.18 15.4 29.47 15.74 20.26 46.32 26.28 18.27 30.52 31.3 31.83 32.47 20.09 17.17 42.24 22.28 17.81 41.26 17.29 15.22 49.5 12.36 26.22 26.27 26.23 12.36 25.98 19.18 18.42 25.77 9.63 
16.42 31.42 19.22 31.28 25.44 24.5 20.49 30.54 11.62 30.23 30.43 26.22 26.97 31.69 28.48 12.35 30.73 18.19 20.22 39.43 21.45 19.21 35.51 24.49 25.89 31.42 23.4 34.22 35.98 13.16 31.31 21.16 20.24 25.49 30.17 23.3 
26.44 31.23 15.19 21.44 29.23 25.59 20.48 19 21.81 32.23 44.6 13.55 32.25 24.72 14.84 20.17 26.41 22.27 18.22 32.31 18.22 9.63 42.41 30.45 23.88 37.13 20.77 16.42 36.24 17.16 16.73 23.98 26.3 16.49 31.27 29.75 
18.42 20.96 23.29 14.29 30.84 14.09 12.36 34.85 19.09 21.43 26.49 32.29 22.46 24.44 21.16 17.41 32.44 21.19 26.22 44.31 14.28 20.44 37.26 22.97 9.63 45.31 25.47 32.28 22.43 28.3 18.3 28.38 28.25 30.24 32.23 18.17 
28.22 33.98 24.93 16.73 27 31.15 19.37 38.55 17.86 30.22 25.06 28.22 29.31 32.94 21.23 26.33 29.47 20.82 21.16 50.24 23.45 19.21 32.87 20.42 19.53 23.54 16.79 22.41 31.98 28.23 12.36 25.92 13.16 12.36 29.77 13.67 
26.41 34.22 20.22 18.45 27.23 27.39 23.27 27.96 17.38 30.28 36.44 24.43 27.3 39.46 16.59 23.21 32.39 8.65 18.22 44.44 31.23 28.29 28.77 29.24 23.3 36.15 22.3 40.23 40.5 20.22 36.45 36.02 24.33 13.64 29.32 18.33 
16.22 36.43 20.29 31.46 20.94 17.08 22.3 31.69 28.53 29.27 34.51 22.21 32.38 27.44 16.43 30.34 37.36 16.6 15.17 42.85 25.47 12.49 36.18 18.2 15.96 36 12.36 20.42 16.28 30.23 20.3 24.92 28.25 27.13 17.14 23.68 
26.22 20.96 23.29 20.23 26.79 16.09 24.64 25.9 19.11 25.43 28.49 20.2 20.46 40.52 21.29 31.65 25.02 22.7 28.22 36.82 27.29 24.44 34.46 21.42 15.17 35.02 17.03 34.28 28.43 14.18 28.3 24.65 23.67 25.24 33.6 13.16 
16.42 20.96 16.92 34.43 20.33 23.59 21.85 34.99 13.16 30.28 34.43 18.2 21.01 35.38 20.02 25.24 26.21 18.17 9.63 49.5 25.29 19.21 41.72 19.42 22.29 44.3 28.91 38.22 21.29 9.63 32.44 36.3 23.67 13.57 23.92 17.64 
22.22 20.96 18.2 33.51 31.28 21.44 22.75 28.55 25.26 30.28 36.24 18.56 33.32 26.45 28.74 19.44 29.17 28.05 22.18 35.43 24.79 17.21 31.19 21.72 16.43 46.58 28.35 21.43 19.29 21.21 20.03 36.77 19.67 23.94 20.77 29.01 
32.22 22.96 23.16 20.41 25.3 19.22 27.84 25.02 22.15 26.22 31.3 22.2 27.24 35.57 24.84 23.48 22.4 19.44 21.16 33.43 21.29 18.44 16.68 30.26 28.03 40.77 12.36 21.43 26.23 23.21 18.27 34.79 15.16 23.91 21.14 23.85 
26.44 34.5 15.19 32.31 21.15 23.23 20.66 27.92 23.42 28.23 31.5 24.29 26.5 37.51 20.42 23.24 31.63 20.7 18.22 44.53 18.28 18.25 33.74 17.21 18.05 47.33 21.05 22.26 16.28 32.31 21.29 28.32 15.16 23.43 14.77 20.51 
24.41 29.51 13.16 30.49 22.99 22.95 25.22 24.73 22.05 12.36 29.2 19.3 28.52 31.15 17.16 23.47 28.21 22 20.22 46.29 17.43 9.63 41.46 30.56 20.26 40.56 19.53 16.22 41.51 22.28 18.99 22.64 33.22 19.42 29.96 19.42 
30.28 28.98 13.19 30.25 22.96 26.33 12.37 33.71 16.57 22.26 35.5 24.28 26.56 29.46 18.74 23.43 26.6 20.19 15.17 44.51 12.36 8.64 26.95 28.96 24.06 31.06 33.64 22.26 22.27 24.29 17.29 33.33 15.16 14.73 26.97 9.63 
23.43 40.38 20.23 22.46 34.6 13.21 32.56 35.16 18.3 26.44 32.24 12.54 14.81 28.45 21.51 18.89 28.68 16.7 44.68 44.44 26.37 30.88 34.34 27.59 22.69 31.96 25.26 12.36 46.7 13.19 20.89 30.76 27.2 12.36 25.36 26.01 
26.22 20.96 17.16 22.22 33.5 20.31 27.92 26.5 14.65 26.23 20.41 18.2 27.25 34.54 25.3 31.35 20.97 19.23 16.22 37.38 27.29 26.45 45.67 19.24 13.15 46.68 30.44 23.43 32.24 9.63 18.46 26.42 23.66 19.26 18.93 24.47 
18.22 52.23 21.19 20.76 50.25 11.8 28.57 41.98 22.43 18.42 40.51 21.55 17.44 32.72 26.43 15.92 26.06 22.38 28.29 42.45 20.22 25.25 33.54 25.09 19.06 45.9 17.96 18.42 24.5 30.63 24.3 31.34 19.23 16.51 24.69 21.34 
21.43 31.29 29.23 28.43 28.99 9.63 22.86 31.45 12.42 12.36 36.44 15.52 15.24 35.25 20.23 32.84 29.47 19.33 28.23 40.23 24.22 12.43 49.26 27.32 13.81 52.3 27.58 12.36 35.25 20.22 24.23 24.97 25.24 21.52 19.28 27.2 
26.44 34.23 33.51 22.26 25.32 20.32 23.4 30.24 9.63 25.27 30.42 15.55 12.36 35.33 18.44 16.39 33.47 23.24 17.17 34.42 26.22 26.23 31.4 23.19 15.18 43.44 25.27 22.26 16.28 30.31 26.48 36.35 9.63 18.32 28.27 18.25 
12.36 38.5 24.28 24.23 29.14 16.24 16.23 29.31 13.16 16.42 28.42 22.28 33.49 32.5 20.5 21.28 38.32 28.15 24.26 38.44 24.28 22.27 26.44 24.43 12.42 39.43 17.08 22.22 30.48 14.2 32.3 20.27 19.97 18.22 27.4 18.35 
20.22 32.06 13.19 28.03 40.37 18.98 21.04 30.38 13.99 20.42 35.23 26.23 12.36 35.23 17.59 25.7 25.19 22.77 22.26 30.42 12.36 12.41 42.25 12.36 29.48 40.37 26.63 16.42 18.47 18.2 21.02 30.49 20.12 22.59 25.32 9.63 
30.22 30.43 22.17 36.22 38.69 17.16 26.66 28.49 11.78 16.22 27.38 22.22 23.47 24.44 34.06 18.67 19.84 30.08 28.23 52.44 24.45 25.8 38.44 19.17 24.24 40.5 18.72 16.22 23.94 17.19 12.23 24.02 25.02 16.47 19.91 13.16 
26.44 26.97 22.29 26.51 32.94 32.24 26.77 26.74 18.65 16.42 36.3 20.22 12.36 29.46 18.99 21.05 35.52 28.22 32.29 34.3 12.36 24.44 45.01 22.42 17.16 33.42 19.95 18.42 28.5 20.2 12.36 27.98 21.23 14.79 27.78 23.18 
40.99 28.28 9.63 25.2 23.3 24.72 33.53 35.28 16.65 30.22 31.71 20.49 29.31 29.93 20.07 26.56 29.7 8.64 21.16 46.32 27.29 17.93 39.06 21.2 16.76 23.05 29.87 37.5 37.98 13.16 33.72 32.05 20 27.66 26.22 9.63 
22.41 32.37 20.22 20.45 26.31 18.3 29.34 27.37 9.63 20.22 50.53 16.54 22.23 44.55 16.58 26.45 34.2 10.42 9.63 44.33 31.38 13.55 32.54 25.32 29.19 42.38 31.33 50.32 31.24 18.28 40.34 17.18 14.08 16.54 32.14 20.19 
34.22 36.5 22.23 36.68 31.94 25.18 30.43 27.74 26.05 16.42 38.45 26.29 12.36 29.33 17.16 22.89 29.04 15.22 39.29 34.81 24.28 23.5 44.36 26.32 13.22 43.31 12.36 22.22 44.32 20.2 26.24 30.53 15.16 19.22 28.76 13.16 
12.36 30.06 22.23 31.67 20.95 19.18 18.19 39.82 13.16 27.27 44.24 24.23 19.27 29.44 19.59 23.49 28.47 15.82 15.17 42.24 12.36 14.2 48.27 27.82 27.33 38.27 21.5 26.22 16.28 26.23 12.36 29.32 17.23 22.13 18.17 25.67 
12.36 43.38 16.29 38.55 28.54 16.18 30.3 28.07 21.39 25.27 34.3 15.54 21.27 42.34 21.58 33.41 30.56 13.37 15.17 49.54 25.47 12.49 34.6 24.52 22.12 39.3 21.5 20.42 16.28 18.2 26.48 24.34 9.63 25.4 15.99 17.98 
36.22 34.22 33.29 16.45 39.34 14.22 21.52 36.36 27.32 26.44 23.42 22.43 24.24 31.51 16.23 14.49 36.79 19.98 18.22 47.33 23.22 18.21 42.34 29.66 32.2 33.29 26.25 20.22 34.23 19.19 18.76 35.25 21.16 25.3 26.46 21.51 
23.43 30.43 19.2 18.29 39.34 21.17 17.31 27.02 22.05 12.36 38.43 22.22 28.24 37.34 20.59 26.43 38.73 18.25 14.22 45.32 25.23 17.89 39.35 27.24 24.46 30.28 25.11 42.22 30.23 12.22 36.44 34.25 19.31 15.63 27.47 13.25 
