27.23 23.48 14.81 12.71 22.21 19.34 13.62 25.42 19.22 28.35 27.44 19.4 18.18 21.31 12.64 8.15 
27.23 12.56 8.15 15.48 22.21 13.54 31.18 15.62 21.22 18.55 19.16 26.29 22.22 25.35 23.26 14.95 
13.19 13.43 11.48 19.24 18.21 27.34 26.11 23.18 29.22 13.64 23.4 18.73 8.15 13.46 26.59 13.7 
23.48 16.81 23.48 18.81 30.21 19.54 25.34 27.42 17.22 19.16 13.58 26.29 12.18 19.31 14.64 13.46 
8.15 13.24 25.67 21 30.21 23.54 35.34 18.67 27.22 26.35 29.2 23.4 18.18 13.51 8.15 17.55 
23.19 21.48 10.81 14.71 16.21 14.93 22.62 17.95 19.22 19.85 21.16 24.29 14.18 8.15 27.26 24.59 
15.19 24.32 11.65 21.48 28.21 15.54 12.03 12.03 27.22 20.55 34.35 17.4 20.22 15.5 13.46 16.59 
13.19 8.15 11.48 13.48 30.21 29.34 13.62 27.42 17.22 12.03 19.16 21.4 22.22 19.5 23.59 10.42 
13.19 16.32 11.65 8.15 20.21 24.57 23.42 29.42 12.03 24.31 21.4 26.53 22.22 25.5 18.83 14.71 
23.48 14.81 28.61 13.72 22.21 29.34 23.58 25.88 17.22 13.92 12.03 12.03 16.18 25.31 22.44 19.26 
8.15 8.15 11.48 19.48 12.03 27.34 20.66 29.42 19.22 28.35 25.62 21.4 12.18 21.31 22.46 24.75 
8.15 8.15 11.48 8.15 28.21 16.77 22.57 27.42 12.03 22.31 29.44 29.2 18.18 19.31 16.46 18.75 
21.19 14.52 21.48 20.61 20.21 19.34 27.42 15.62 19.22 26.35 19.64 25.44 12.18 27.26 20.59 17.5 
8.15 17.48 10.81 23.48 12.03 21.34 29.42 21.66 17.22 28.35 23.4 18.73 14.18 23.31 18.66 30.46 
23.19 12.52 8.15 23.48 24.21 15.54 19.34 12.03 31.22 13.64 17.16 12.03 16.18 17.31 12.71 23.84 
21.19 22.32 11.65 23.48 16.21 31.42 22.75 21.42 23.22 23.4 22.53 27.66 26.22 19.55 23.5 11.46 
25.23 20.56 15.24 9 12.03 31.18 26.51 23.42 12.03 24.31 19.64 15.9 26.22 15.55 8.15 26.78 
8.15 8.15 8.15 8.15 12.03 12.03 26.51 23.63 12.03 20.31 13.64 29.94 14.18 14.42 25.55 14.95 
23.48 21.48 16.81 15.24 26.21 21.54 33.34 28.67 17.22 23.4 18.73 26.53 14.18 17.31 20.44 13.7 
21.19 12.52 8.15 16.73 26.21 19.54 25.34 23.42 17.22 21.16 13.58 29.44 8.15 23.31 10.18 12.66 
27.23 23.72 31.52 24.92 24.21 23.34 15.62 17.18 29.22 14.55 28.35 27.44 12.18 21.31 9.16 16.44 
8.15 19.48 14.66 14.71 24.21 29.34 13.62 12.03 27.22 26.35 23.64 28.74 18.18 21.31 9.2 8.15 
13.19 11.43 8.15 11.48 16.21 17.34 23.42 21.42 19.22 28.35 25.44 16.77 8.15 11.46 11.46 16.59 
23.19 23.43 14.76 11.48 18.21 19.34 29.42 13.62 19.22 21.4 28.53 19.64 8.15 23.31 25.5 11.46 
23.19 20.52 20.73 18.47 18.21 29.34 25.18 29.42 25.22 20.55 26.35 29.44 18.18 10.23 8.15 11.46 
15.19 17.43 20.56 17.48 28.21 27.34 27.18 20.51 21.22 18.55 25.63 16.96 8.15 23.5 21.5 11.7 
27.23 10.44 25.52 21.48 28.21 17.54 19.34 19.42 17.22 21.16 19.4 17.4 14.18 21.31 22.44 12.95 
23.19 18.52 30.32 15.65 28.21 26.57 21.9 19.7 12.03 12.03 23.4 20.73 26.22 25.26 18.59 13.26 
15.19 18.32 15.48 21.24 24.21 29.34 19.58 25.42 17.22 26.35 23.4 26.53 24.22 25.5 15.7 19.5 
15.19 16.32 11.65 11.48 12.03 29.18 22.51 20.79 29.22 26.55 35.63 12.21 24.22 23.5 25.26 11.7 
17.19 16.32 13.65 19.24 22.21 27.34 18.67 17.18 31.22 28.55 23.4 14.73 22.22 15.7 13.46 9.3 
17.19 15.48 12.81 12.69 24.21 23.34 20.67 17.42 23.22 28.35 25.64 30.81 14.18 13.46 9.3 25.26 
17.19 19.48 16.81 21.24 28.21 15.54 27.34 22.95 31.22 18.55 21.16 14.49 12.18 25.31 11.7 27.26 
19.19 12.52 17.48 26.61 24.21 19.54 31.34 18.67 19.22 21.16 28.29 17.4 16.18 19.31 10.18 21.26 
8.15 18.97 17.48 23.48 22.21 27.34 24.67 33.42 27.22 18.55 26.35 19.64 12.18 10.11 14.42 13.46 
8.15 11.43 8.15 11.48 16.21 14.93 12.03 26.51 25.22 22.55 19.85 16.75 8.15 12.42 23.55 19.5 
17.19 23.43 24.56 21.48 24.21 24.57 15.62 12.03 12.03 20.31 15.64 31.44 8.15 25.5 21.5 23.5 
23.19 18.52 23.48 20.81 28.21 21.54 21.34 25.18 29.22 14.55 17.16 17.4 12.18 17.31 17.26 15.26 
8.15 23.48 14.81 15.48 12.03 25.34 20.67 25.42 17.22 12.03 12.03 23.4 18.18 15.51 19.31 16.44 
13.19 24.32 13.65 8.15 12.03 19.34 29.18 25.42 21.22 18.55 19.58 17.4 22.22 15.7 23.5 11.46 
23.19 14.52 11.43 8.15 30.21 23.54 31.34 24.67 27.22 16.55 30.35 21.4 8.15 21.31 23.26 19.5 
25.43 24.56 17.89 13.24 30.57 12.42 27.7 23.02 12.03 12.03 27.44 24.76 8.15 27.35 13.7 8.15 
8.15 23.48 21.67 11 26.21 27.34 22.67 25.42 21.22 23.4 26.53 21.4 14.18 11.51 8.15 13.46 
8.15 26.32 15.48 8.15 30.57 29.7 17.94 31.42 12.03 12.03 25.44 28.56 18.18 11.51 14.42 23.55 
15.19 18.32 21.48 12.81 28.21 19.54 31.34 27.18 29.22 22.55 21.16 26.29 20.22 17.5 10.42 8.15 
15.19 20.32 15.65 13.24 20.21 25.34 13.38 27.18 25.22 22.55 35.63 21.64 20.22 15.7 25.5 13.46 
13.19 26.32 25.52 10.2 24.21 21.54 34.62 31.95 31.22 16.55 26.35 23.4 14.18 21.31 15.7 15.5 
17.19 26.32 23.76 31.56 12.03 19.34 15.62 31.42 17.22 28.35 29.62 15.4 20.22 23.5 23.26 11.7 
27.23 16.56 21.48 10.81 12.03 31.18 24.51 27.42 23.22 20.55 29.63 25.62 22.22 23.35 19.26 11.46 
