15.41 21.24 12.57 20.75 22.21 19.34 14.67 26.47 29.24 20.57 27.44 19.4 8.15 21.31 12.64 8.15 
17.21 20.34 15.48 23.48 22.21 13.54 23.36 25.18 31.24 28.57 29.18 18.52 22.22 13.46 11.46 22.59 
23.21 23.45 20.7 12.03 18.21 27.34 17.42 23.4 19.2 20.33 15.62 27.42 8.15 15.31 9.16 23.5 
20.22 13.55 19.24 14.57 25.2 14.53 20.33 21.6 12.03 12.03 23.4 20.73 27.21 16.54 28.34 10.18 
19.41 21.48 16.81 18.59 20.19 13.52 25.32 25.42 17.2 12.03 27.42 22.75 8.15 21.29 20.42 10.42 
23.19 21.48 10.81 16.61 26.23 23.56 22.62 17.95 19.22 22.35 23.4 16.51 14.18 29.5 10.18 13.24 
15.19 14.3 17.45 12.78 18.19 23.32 24.45 25.18 37.24 30.57 43.44 25.64 8.15 25.5 25.26 9.05 
23.21 19.48 20.71 23.48 20.19 19.32 22.45 19.78 27.24 25.44 13.86 12.03 12.2 8.15 13.46 8.15 
23.21 16.32 11.78 20.75 20.21 23.66 22.79 19.4 12.03 12.03 21.4 16.51 22.22 10.27 17.48 25.28 
18.42 10.47 23.55 16.66 27.22 16.55 26.35 15.82 12.03 25.34 37.2 21.4 8.15 8.15 8.15 11.46 
21.21 16.54 21.67 11.7 22.23 19.56 18.62 13.56 29.24 20.57 17.16 29.99 12.18 8.15 23.48 16.59 
17.41 16.54 20.71 18.71 18.19 24.55 12.36 17.68 12.03 12.03 19.4 16.68 8.15 8.15 8.15 8.15 
21.19 14.52 21.48 20.61 20.21 19.34 17.4 23.4 19.22 26.35 19.64 25.44 12.18 37.28 30.61 27.52 
14.4 21.53 13.7 19.48 27.24 18.57 26.37 17.4 22.23 15.56 19.16 14.49 8.15 8.15 13.39 26.51 
23.19 12.52 19.5 15.7 24.21 15.54 19.34 24.13 31.22 13.64 27.18 12.03 16.18 17.31 13.26 13.46 
16.18 16.42 23.55 19.26 21.22 17.4 26.53 17.42 18.21 19.34 17.42 21.42 8.15 21.48 10.81 15.48 
15.21 9.01 15.5 10.83 22.55 21.68 15.62 23.42 12.03 12.03 27.42 16.52 16.2 23.33 18.74 27.26 
14.4 23.55 23.26 23.5 19.22 19.42 13.38 19.2 18.19 25.32 18.65 25.42 8.15 20.32 11.7 19.5 
23.48 22.61 17.94 15.48 26.21 21.54 23.32 18.65 17.22 23.4 18.73 25.18 14.18 27.33 12.66 11.46 
21.19 12.52 19.45 16.73 26.21 19.54 25.34 23.42 17.22 41.2 32.53 19.42 8.15 23.31 10.18 13.26 
17.21 13.7 21.5 14.9 24.21 21.4 14.73 25.18 19.2 22.33 19.66 12.03 12.18 21.31 9.16 15.24 
16.2 15.31 21.5 21.5 19.2 23.56 26.69 19.16 12.03 19.4 16.73 31.42 13.17 16.3 23.48 33.52 
23.21 21.45 18.58 23.26 26.23 17.34 23.4 20.77 29.24 20.57 12.03 24.53 8.15 33.35 15.72 19.48 
23.19 23.43 14.76 21.5 18.21 19.34 19.4 21.4 19.22 21.4 18.51 27.42 8.15 23.31 35.52 21.48 
23.19 20.52 21.43 20.56 18.21 19.32 25.18 19.4 25.22 20.55 26.35 29.42 8.15 37.33 23.48 11.46 
20.2 23.33 15.48 21.5 23.2 22.33 23.4 16.73 26.23 23.56 39.44 30.78 23.21 19.48 17.48 15.48 
17.21 17.24 23.48 20.81 18.19 25.32 18.43 19.16 27.24 13.64 21.4 19.4 24.2 13.53 21.48 12.81 
23.19 18.52 20.3 21.48 18.19 26.57 21.9 19.16 12.03 21.4 14.73 28.53 16.2 23.48 16.81 11.48 
20.2 23.33 21.5 10.18 19.2 24.33 12.35 21.4 22.23 29.42 26.49 19.4 19.21 21.48 12.81 15.48 
15.19 16.32 11.65 21.48 24.23 19.16 13.58 21.18 29.22 26.55 35.63 13.62 14.2 13.48 15.24 8.15 
22.2 21.33 18.66 16.44 27.22 19.86 19.88 21.92 16.19 14.92 38.66 29.66 47.27 42.6 39.54 35.74 
22.2 20.44 17.77 19.57 19.2 18.33 15.66 21.18 28.23 13.62 27.42 17.66 8.15 8.15 23.48 8.15 
22.2 15.31 12.64 18.44 23.2 18.31 13.62 25.42 16.19 31.34 17.64 27.18 37.23 32.56 36.36 13.48 
19.19 12.52 17.48 16.59 24.21 19.54 21.32 26.45 19.22 31.18 19.64 12.03 16.18 29.33 19.48 31.28 
16.2 23.48 22.61 11.94 27.22 12.24 17.56 18.66 12.03 21.32 13.74 20.7 17.19 14.52 40.36 19.74 
21.21 21.45 19.24 21.48 26.23 23.56 24.59 19.92 12.03 30.33 12.35 29.2 8.15 23.33 15.7 11.46 
17.19 23.43 14.54 21.48 24.21 24.57 15.62 23.2 12.03 20.31 15.64 21.42 8.15 25.5 11.46 14.59 
18.18 13.51 19.31 16.64 23.2 16.53 26.35 13.64 24.21 27.34 13.4 21.16 27.21 13.46 21.24 8.15 
19.41 13.7 19.62 22.75 24.23 17.56 19.34 26.48 27.24 23.4 25.42 15.62 8.15 13.27 8.15 15.24 
23.21 16.54 21.48 20.61 24.23 19.34 13.58 17.18 31.24 28.57 29.65 27.18 12.2 35.35 25.72 21.26 
23.19 14.52 21.24 17.48 20.19 13.52 21.32 14.65 27.22 15.62 19.16 28.3 18.2 13.53 13.24 8.15 
15.41 14.54 15.65 22.8 20.55 21.68 19.01 19.16 12.03 22.33 19.66 42.76 8.15 17.33 31.52 11.7 
21.21 15.7 22.56 11.89 26.21 27.34 22.67 26.47 31.24 15.62 27.44 21.4 14.18 11.51 8.15 13.24 
19.41 16.74 22.54 19.24 20.55 19.68 23.18 20.51 12.03 22.33 17.66 19.4 8.15 8.15 24.42 15.7 
20.2 23.33 10.42 17.5 23.2 14.53 25.56 21.4 12.03 25.32 25.18 29.42 15.21 13.48 23.48 13.46 
20.2 15.31 9.16 19.24 25.22 13.64 18.35 15.68 40.25 37.58 40.64 27.97 25.23 22.56 31.5 18.92 
23.21 18.54 15.5 17.24 24.21 21.54 24.6 21.93 21.2 24.33 17.66 12.03 14.18 31.33 26.66 15.24 
17.19 16.3 13.74 21.45 22.23 19.34 17.58 23.18 27.24 20.57 21.4 12.03 8.15 23.48 13.46 20.59 
22.22 11.55 15.48 21.48 27.24 27.18 20.51 23.42 18.21 15.54 24.62 21.4 17.21 18.34 11.46 22.59 
